0 79.5 79.5 79.5 79.5 79.5 79.5 79.5 79.5 79.5 79.5 79.5 79.5 79.5 79.5 79.5 79.5 79.5 79.5 79.5 79.5 79.5 79.5 79.5 79.5 79.5 79.5 79.5 79.5 79.5 79.5 
1 79 79 79 79 79 79 79 79 79 79 79 79 79 79 79 79 79 79 79 79 79 79 79 79 79 79 79 79 79 79 
2 78.5 78.5 78.5 78.5 78.5 78.5 78.5 78.5 78.5 78.5 78.5 78.5 78.5 78.5 78.5 78.5 78.5 78.5 78.5 78.5 78.5 78.5 78.5 78.5 78.5 78.5 78.5 78.5 78.5 78.5 
3 78 78 78 78 78 78 78 78 78 78 78 78 78 78 78 78 78 78 78 78 78 78 78 78 78 78 78 78 78 78 
4 77.5 77.5 77.5 77.5 77.5 77.5 77.5 77.5 77.5 77.5 77.5 77.5 77.5 77.5 77.5 77.5 77.5 77.5 77.5 77.5 77.5 77.5 77.5 77.5 77.5 77.5 77.5 77.5 77.5 77.5 
5 77 77 77 77 77 77 77 77 77 77 77 77 77 77 77 77 77 77 77 77 77 77 77 77 77 77 77 77 77 77 
6 76.5 76.5 76.5 76.5 76.5 76.5 76.5 76.5 76.5 76.5 76.5 76.5 76.5 76.5 76.5 76.5 76.5 76.5 76.5 76.5 76.5 76.5 76.5 76.5 76.5 76.5 76.5 76.5 76.5 76.5 
7 76 76 76 76 76 76 76 76 76 76 76 76 76 76 76 76 76 76 76 76 76 76 76 76 76 76 76 76 76 76 
8 75.5 75.5 75.5 75.5 75.5 75.5 75.5 75.5 75.5 75.5 75.5 75.5 75.5 75.5 75.5 75.5 75.5 75.5 75.5 75.5 75.5 75.5 75.5 75.5 75.5 75.5 75.5 75.5 75.5 75.5 
9 75 75 75 75 75 75 75 75 75 75 75 75 75 75 75 75 75 75 75 75 75 75 75 75 75 75 75 75 75 75 
10 74.5 74.5 74.5 74.5 74.5 74.5 74.5 74.5 74.5 74.5 74.5 74.5 74.5 74.5 74.5 74.5 74.5 74.5 74.5 74.5 74.5 74.5 74.5 74.5 74.5 74.5 74.5 74.5 74.5 74.5 
11 74 74 74 74 74 74 74 74 74 74 74 74 74 74 74 74 74 74 74 74 74 74 74 74 74 74 74 74 74 74 
12 73.5 73.5 73.5 73.5 73.5 73.5 73.5 73.5 73.5 73.5 73.5 73.5 73.5 73.5 73.5 73.5 73.5 73.5 73.5 73.5 73.5 73.5 73.5 73.5 73.5 73.5 73.5 100 73.5 73.5 
13 73 73 73 73 73 73 73 73 73 73 73 73 73 73 73 73 73 73 73 73 73 73 73 73 73 73 73 99.5 73 73 
14 72.5 72.5 72.5 72.5 72.5 72.5 72.5 72.5 72.5 72.5 72.5 72.5 72.5 72.5 72.5 72.5 72.5 72.5 72.5 72.5 72.5 72.5 72.5 72.5 72.5 72.5 72.5 99 72.5 72.5 
15 72 72 72 72 72 72 72 72 72 72 72 72 72 72 72 72 72 72 72 72 72 72 72 72 72 72 72 98.5 72 72 
16 71.5 71.5 71.5 71.5 71.5 71.5 71.5 71.5 71.5 71.5 71.5 71.5 71.5 71.5 71.5 71.5 71.5 71.5 71.5 71.5 71.5 71.5 71.5 71.5 71.5 71.5 71.5 98 71.5 71.5 
17 71 71 71 71 71 71 71 71 71 71 71 71 71 71 71 71 71 71 71 71 71 71 71 71 71 71 71 97.5 71 71 
18 70.5 70.5 70.5 70.5 70.5 70.5 70.5 70.5 70.5 70.5 70.5 70.5 70.5 70.5 70.5 70.5 70.5 70.5 70.5 70.5 70.5 70.5 70.5 70.5 70.5 70.5 70.5 97 70.5 70.5 
19 70 70 70 70 70 70 70 70 70 70 70 70 70 70 70 70 70 70 70 70 70 70 70 70 70 70 70 96.5 70 70 
20 69.5 69.5 69.5 69.5 69.5 69.5 69.5 69.5 69.5 69.5 69.5 69.5 69.5 69.5 69.5 69.5 69.5 69.5 69.5 69.5 69.5 69.5 69.5 69.5 69.5 69.5 69.5 96 69.5 69.5 
21 69 69 69 69 69 69 69 69 69 69 69 69 69 69 69 69 69 69 69 69 69 69 69 69 69 69 69 95.5 69 69 
22 68.5 68.5 68.5 68.5 68.5 68.5 68.5 68.5 68.5 68.5 68.5 68.5 68.5 68.5 68.5 68.5 68.5 68.5 68.5 68.5 68.5 68.5 68.5 68.5 68.5 68.5 68.5 95 68.5 68.5 
23 68 68 68 68 68 68 68 68 68 68 68 68 68 68 68 68 68 68 68 68 68 68 68 68 68 68 68 94.5 68 68 
24 67.5 67.5 67.5 67.5 67.5 67.5 67.5 67.5 67.5 67.5 67.5 67.5 67.5 67.5 67.5 67.5 67.5 67.5 67.5 67.5 67.5 67.5 67.5 67.5 67.5 67.5 67.5 94 67.5 67.5 
25 67 67 67 67 67 67 67 67 67 67 67 67 67 67 67 67 67 67 67 67 67 67 67 67 67 67 67 93.5 67 67 
26 66.5 66.5 66.5 66.5 66.5 66.5 66.5 66.5 66.5 66.5 66.5 66.5 66.5 66.5 66.5 66.5 66.5 66.5 66.5 66.5 66.5 66.5 66.5 66.5 66.5 66.5 66.5 93 66.5 66.5 
27 66 66 66 66 66 66 66 66 66 66 66 66 66 66 66 66 66 66 66 66 66 66 66 66 66 66 66 92.5 66 66 
28 65.5 65.5 65.5 65.5 65.5 65.5 65.5 65.5 65.5 65.5 65.5 65.5 65.5 65.5 65.5 65.5 65.5 65.5 65.5 65.5 65.5 65.5 65.5 65.5 65.5 65.5 65.5 92 65.5 65.5 
29 65 65 65 65 65 65 65 65 65 65 65 65 65 65 65 65 65 65 65 65 65 65 65 65 65 65 65 91.5 65 65 
30 64.5 64.5 64.5 64.5 64.5 64.5 64.5 64.5 64.5 64.5 64.5 64.5 64.5 64.5 64.5 64.5 64.5 64.5 64.5 64.5 64.5 64.5 64.5 64.5 64.5 64.5 64.5 91 64.5 64.5 
31 64 64 64 64 64 64 64 64 64 64 64 64 64 64 64 64 64 64 64 64 64 64 64 64 64 64 64 90.5 64 64 
32 63.5 63.5 63.5 63.5 63.5 63.5 63.5 63.5 63.5 63.5 63.5 63.5 63.5 63.5 63.5 63.5 63.5 63.5 63.5 63.5 63.5 63.5 63.5 63.5 63.5 63.5 63.5 90 63.5 63.5 
33 63 63 63 63 63 63 63 63 63 63 63 63 63 63 63 63 63 63 63 63 63 63 63 63 63 63 63 89.5 63 63 
34 62.5 62.5 62.5 62.5 62.5 62.5 62.5 62.5 62.5 62.5 62.5 62.5 62.5 62.5 62.5 62.5 62.5 62.5 62.5 62.5 62.5 62.5 62.5 62.5 62.5 62.5 62.5 89 62.5 62.5 
35 62 62 62 62 62 62 62 62 62 62 62 62 62 62 62 62 62 62 62 62 62 62 62 62 62 62 62 88.5 62 62 
36 61.5 61.5 61.5 61.5 61.5 61.5 61.5 61.5 61.5 61.5 61.5 61.5 61.5 61.5 61.5 61.5 61.5 61.5 61.5 61.5 61.5 61.5 61.5 61.5 61.5 61.5 61.5 88 61.5 61.5 
37 61 61 61 61 61 61 61 61 61 61 61 61 61 61 61 61 61 61 61 61 61 61 61 61 61 61 61 87.5 61 61 
38 60.5 60.5 60.5 60.5 60.5 60.5 60.5 60.5 60.5 60.5 60.5 60.5 60.5 60.5 60.5 60.5 60.5 60.5 60.5 60.5 60.5 60.5 60.5 60.5 60.5 60.5 60.5 87 60.5 60.5 
39 60 60 60 60 60 60 60 60 60 60 60 60 60 60 60 60 60 60 60 60 60 60 60 60 60 60 60 86.5 60 60 
40 59.5 59.5 59.5 59.5 59.5 59.5 59.5 59.5 59.5 59.5 59.5 59.5 59.5 59.5 59.5 59.5 59.5 59.5 59.5 59.5 59.5 59.5 59.5 59.5 59.5 59.5 59.5 86 59.5 59.5 
41 59 59 59 59 59 59 59 59 59 59 59 59 59 59 59 59 59 59 59 59 59 59 59 59 59 59 59 85.5 59 59 
42 58.5 58.5 58.5 58.5 58.5 58.5 58.5 58.5 58.5 58.5 58.5 58.5 58.5 58.5 58.5 58.5 58.5 58.5 58.5 58.5 58.5 58.5 58.5 58.5 58.5 58.5 58.5 85 58.5 58.5 
43 58 58 58 58 58 58 58 58 58 58 58 58 58 58 58 58 58 58 58 58 58 58 58 58 58 58 58 84.5 58 58 
44 57.5 57.5 57.5 57.5 57.5 57.5 57.5 57.5 57.5 57.5 57.5 57.5 57.5 57.5 57.5 57.5 57.5 57.5 57.5 57.5 57.5 57.5 57.5 57.5 57.5 57.5 57.5 84 57.5 57.5 
45 57 57 57 57 57 57 57 57 57 57 57 57 57 57 57 57 57 57 57 57 57 57 57 57 57 57 57 83.5 57 57 
46 56.5 56.5 56.5 56.5 56.5 56.5 56.5 56.5 56.5 56.5 56.5 56.5 56.5 56.5 56.5 56.5 56.5 56.5 56.5 56.5 56.5 56.5 56.5 56.5 56.5 56.5 56.5 83 56.5 56.5 
47 56 56 56 56 56 56 56 56 56 56 56 56 56 56 56 56 56 56 56 56 56 56 56 56 56 56 56 82.5 56 56 
48 55.5 55.5 55.5 55.5 55.5 55.5 55.5 55.5 55.5 55.5 55.5 55.5 55.5 55.5 55.5 55.5 55.5 55.5 55.5 55.5 55.5 55.5 55.5 55.5 55.5 55.5 55.5 82 55.5 55.5 
49 55 55 55 55 55 55 55 55 55 55 55 55 55 55 55 55 55 55 55 55 55 55 55 55 55 55 55 81.5 55 55 
50 54.5 54.5 54.5 54.5 54.5 54.5 54.5 54.5 54.5 54.5 54.5 54.5 54.5 54.5 54.5 54.5 54.5 54.5 54.5 54.5 54.5 54.5 54.5 54.5 54.5 54.5 54.5 81 54.5 54.5 
51 54 54 54 54 54 54 54 54 54 54 54 54 54 54 54 54 54 54 54 54 54 54 54 54 54 54 54 80.5 54 54 
52 53.5 53.5 53.5 53.5 53.5 53.5 53.5 53.5 53.5 53.5 53.5 53.5 53.5 53.5 53.5 53.5 53.5 53.5 53.5 53.5 53.5 53.5 53.5 53.5 53.5 53.5 53.5 80 53.5 53.5 99.5 
53 53 53 53 53 53 53 53 53 53 53 53 53 53 53 53 53 53 53 53 53 53 53 53 53 53 53 53 79.5 53 53 99 
54 52.5 52.5 52.5 52.5 52.5 52.5 52.5 52.5 52.5 52.5 52.5 52.5 52.5 52.5 52.5 52.5 52.5 52.5 52.5 52.5 52.5 52.5 52.5 52.5 52.5 52.5 52.5 79 52.5 52.5 98.5 99.5 99.5 
55 52 52 52 52 52 52 52 52 52 52 52 52 52 52 52 52 52 52 52 52 52 52 52 52 52 52 52 78.5 52 52 98 99 99 
56 51.5 51.5 51.5 51.5 51.5 51.5 51.5 51.5 51.5 51.5 51.5 51.5 51.5 51.5 51.5 51.5 51.5 51.5 51.5 51.5 51.5 51.5 51.5 51.5 51.5 51.5 51.5 78 51.5 51.5 97.5 98.5 98.5 
57 51 51 51 51 51 51 51 51 51 51 51 51 51 51 51 51 51 51 51 51 51 51 51 51 51 51 51 77.5 51 51 97 98 98 99.5 
58 50.5 50.5 50.5 50.5 50.5 50.5 50.5 50.5 50.5 50.5 50.5 50.5 50.5 50.5 50.5 50.5 50.5 50.5 50.5 50.5 50.5 50.5 50.5 50.5 50.5 50.5 50.5 77 50.5 50.5 96.5 97.5 97.5 99 99.5 
59 50 50 50 50 50 50 50 50 50 50 50 50 50 50 50 50 50 50 50 50 50 50 50 50 50 50 50 76.5 50 50 96 97 97 98.5 99 99.5 
60 49.5 49.5 49.5 49.5 49.5 49.5 49.5 49.5 49.5 49.5 49.5 49.5 49.5 49.5 49.5 49.5 49.5 49.5 49.5 49.5 49.5 49.5 49.5 49.5 49.5 49.5 49.5 76 49.5 49.5 95.5 96.5 96.5 98 98.5 99 99.5 99.5 
61 49 49 49 49 49 49 49 100 49 49 49 100 49 49 49 49 49 49 49 49 49 49 49 49 49 49 49 75.5 49 49 95 96 96 97.5 100 98.5 99 99 
62 48.5 48.5 48.5 48.5 48.5 48.5 48.5 99.5 48.5 48.5 48.5 99.5 48.5 48.5 48.5 48.5 48.5 48.5 48.5 48.5 48.5 48.5 48.5 48.5 48.5 48.5 48.5 75 48.5 48.5 94.5 95.5 95.5 97 99.5 98 98.5 98.5 99.5 
63 48 48 48 48 48 48 48 99 48 48 48 99 48 48 48 48 48 48 48 48 48 48 48 48 48 48 48 74.5 48 48 94 95 95 96.5 99 97.5 98 98 99 
64 47.5 47.5 47.5 47.5 47.5 47.5 47.5 98.5 47.5 47.5 47.5 98.5 47.5 47.5 47.5 47.5 47.5 47.5 47.5 47.5 47.5 47.5 47.5 47.5 47.5 47.5 47.5 74 47.5 47.5 93.5 94.5 94.5 96 98.5 97 97.5 97.5 98.5 99.5 
65 47 47 47 47 47 47 47 98 47 47 47 98 47 47 47 47 47 47 47 47 47 47 47 47 47 47 47 73.5 47 47 93 94 94 95.5 98 96.5 97 97 98 99 
66 46.5 46.5 46.5 46.5 46.5 46.5 46.5 97.5 46.5 46.5 46.5 97.5 46.5 46.5 46.5 46.5 46.5 46.5 46.5 46.5 46.5 46.5 46.5 46.5 46.5 46.5 46.5 73 46.5 46.5 92.5 93.5 93.5 95 97.5 96 96.5 96.5 97.5 98.5 
67 46 46 46 46 46 46 46 97 46 46 46 97 46 46 46 46 46 46 46 46 46 46 46 46 46 46 46 72.5 46 46 92 93 93 94.5 97 95.5 96 96 97 98 
68 45.5 45.5 45.5 45.5 45.5 45.5 45.5 96.5 45.5 45.5 45.5 96.5 45.5 45.5 45.5 45.5 45.5 45.5 45.5 45.5 45.5 45.5 45.5 45.5 45.5 45.5 45.5 72 45.5 45.5 91.5 100 100 94 96.5 95 95.5 95.5 96.5 97.5 
69 45 45 45 45 45 45 45 96 45 45 45 96 45 45 45 45 45 45 45 45 45 45 45 45 45 45 45 71.5 45 45 91 99.5 99.5 93.5 96 94.5 95 95 96 97 
70 44.5 44.5 44.5 44.5 44.5 44.5 44.5 95.5 44.5 44.5 44.5 95.5 44.5 44.5 44.5 44.5 44.5 44.5 44.5 44.5 44.5 44.5 44.5 44.5 44.5 44.5 44.5 71 44.5 44.5 90.5 99 99 93 95.5 94 94.5 94.5 95.5 96.5 
71 44 44 44 44 44 44 44 95 44 44 44 95 44 44 44 44 44 44 44 44 44 44 44 44 44 44 44 70.5 100 44 90 98.5 98.5 92.5 95 100 94 94 95 96 
72 43.5 43.5 43.5 43.5 43.5 43.5 43.5 94.5 43.5 43.5 43.5 94.5 43.5 43.5 43.5 43.5 43.5 43.5 43.5 43.5 43.5 43.5 43.5 43.5 43.5 43.5 43.5 70 99.5 43.5 89.5 98 98 92 94.5 99.5 93.5 93.5 94.5 95.5 
73 43 43 43 43 43 43 43 94 43 43 43 94 43 43 43 43 43 43 43 43 43 43 43 43 43 43 43 69.5 99 43 89 97.5 97.5 91.5 94 99 93 93 94 95 
74 42.5 42.5 42.5 42.5 42.5 42.5 42.5 93.5 42.5 42.5 42.5 93.5 42.5 42.5 42.5 42.5 42.5 42.5 42.5 42.5 42.5 42.5 42.5 42.5 42.5 42.5 42.5 69 98.5 42.5 88.5 97 97 91 93.5 98.5 92.5 92.5 93.5 94.5 
75 42 42 42 42 42 100 42 93 42 42 42 93 42 42 42 42 42 42 42 42 42 42 42 42 42 42 42 68.5 98 42 88 96.5 96.5 90.5 93 98 92 92 93 94 
76 41.5 41.5 41.5 41.5 41.5 99.5 41.5 92.5 41.5 41.5 41.5 92.5 41.5 41.5 41.5 41.5 41.5 41.5 41.5 41.5 41.5 41.5 41.5 41.5 41.5 41.5 41.5 68 97.5 41.5 87.5 96 96 90 92.5 97.5 91.5 91.5 92.5 93.5 
77 41 41 41 41 41 99 41 92 41 41 41 92 41 41 41 41 41 41 41 41 41 41 41 41 41 41 41 67.5 97 41 87 95.5 95.5 89.5 92 97 91 91 92 93 
78 40.5 40.5 40.5 40.5 40.5 98.5 40.5 91.5 40.5 40.5 40.5 91.5 40.5 40.5 40.5 40.5 40.5 40.5 40.5 40.5 40.5 40.5 40.5 40.5 40.5 40.5 40.5 67 96.5 40.5 86.5 95 95 89 91.5 96.5 90.5 100 91.5 92.5 
79 40 40 40 40 40 98 40 91 40 40 40 91 40 40 40 40 40 40 40 40 40 40 40 40 40 40 40 66.5 96 40 86 94.5 94.5 88.5 91 96 90 99.5 91 92 
80 39.5 39.5 39.5 39.5 39.5 97.5 39.5 90.5 39.5 39.5 39.5 90.5 39.5 39.5 39.5 39.5 39.5 39.5 39.5 39.5 39.5 39.5 39.5 39.5 39.5 39.5 39.5 66 95.5 39.5 85.5 94 94 88 90.5 95.5 89.5 99 90.5 91.5 
81 39 39 39 39 39 97 39 90 39 39 39 90 39 39 39 39 39 39 39 39 39 39 39 39 39 39 39 65.5 95 39 85 93.5 93.5 87.5 90 95 89 98.5 90 91 
82 38.5 38.5 38.5 38.5 38.5 96.5 38.5 89.5 38.5 38.5 38.5 89.5 38.5 38.5 38.5 38.5 38.5 38.5 38.5 38.5 38.5 38.5 38.5 38.5 38.5 38.5 38.5 65 94.5 38.5 84.5 93 93 87 89.5 94.5 88.5 98 89.5 90.5 
83 38 38 38 38 38 96 38 89 38 38 38 89 38 38 38 38 38 38 38 38 38 38 38 38 38 38 38 64.5 94 38 84 92.5 92.5 86.5 89 94 88 97.5 89 90 
84 37.5 37.5 37.5 37.5 37.5 95.5 37.5 88.5 37.5 37.5 37.5 88.5 37.5 37.5 37.5 37.5 37.5 37.5 37.5 37.5 37.5 37.5 37.5 37.5 37.5 37.5 37.5 64 93.5 37.5 83.5 92 92 86 88.5 93.5 87.5 97 88.5 89.5 99.5 
85 37 37 37 37 37 95 37 88 37 37 37 88 37 37 37 37 37 37 37 37 37 37 100 37 37 37 37 63.5 93 37 83 91.5 91.5 85.5 88 93 87 96.5 88 89 99 
86 36.5 36.5 36.5 36.5 36.5 94.5 36.5 87.5 36.5 36.5 36.5 87.5 36.5 100 36.5 36.5 36.5 36.5 36.5 36.5 36.5 36.5 99.5 36.5 36.5 36.5 36.5 63 92.5 36.5 82.5 91 91 85 87.5 92.5 86.5 96 87.5 88.5 98.5 
87 36 36 36 36 36 94 36 87 36 36 36 87 36 99.5 36 36 36 36 36 36 36 36 99 36 36 36 36 62.5 92 36 82 90.5 90.5 84.5 87 92 86 95.5 87 88 98 
88 35.5 35.5 35.5 35.5 35.5 93.5 35.5 86.5 35.5 35.5 35.5 86.5 35.5 99 35.5 35.5 35.5 35.5 35.5 35.5 35.5 35.5 98.5 35.5 35.5 35.5 35.5 62 91.5 35.5 81.5 90 90 84 86.5 91.5 85.5 95 86.5 87.5 97.5 
89 35 35 35 35 35 93 35 86 35 35 35 86 35 98.5 100 35 35 35 35 35 35 35 98 35 35 35 35 61.5 91 35 100 89.5 89.5 83.5 86 91 85 94.5 86 87 97 
90 34.5 34.5 34.5 34.5 34.5 92.5 34.5 85.5 34.5 34.5 34.5 85.5 34.5 98 99.5 34.5 34.5 34.5 34.5 34.5 34.5 34.5 97.5 34.5 34.5 34.5 34.5 61 90.5 34.5 99.5 89 89 83 85.5 90.5 84.5 94 85.5 86.5 96.5 
91 34 34 34 34 34 92 34 85 34 34 34 85 34 97.5 99 34 34 34 34 34 34 34 97 34 34 34 34 60.5 90 34 99 88.5 88.5 82.5 85 90 84 93.5 85 86 96 
92 33.5 33.5 33.5 33.5 33.5 91.5 33.5 84.5 33.5 33.5 33.5 84.5 33.5 97 98.5 33.5 33.5 33.5 33.5 33.5 33.5 33.5 96.5 33.5 33.5 33.5 33.5 60 89.5 33.5 98.5 88 88 82 84.5 89.5 83.5 93 84.5 85.5 95.5 
93 33 33 33 33 33 91 33 84 33 33 33 84 33 96.5 98 33 33 33 33 33 33 33 96 33 33 33 33 59.5 89 33 98 87.5 87.5 81.5 84 89 83 92.5 84 85 95 
94 32.5 32.5 32.5 32.5 32.5 90.5 32.5 83.5 32.5 32.5 32.5 83.5 32.5 96 97.5 32.5 32.5 32.5 32.5 32.5 32.5 32.5 95.5 32.5 32.5 32.5 32.5 59 88.5 32.5 97.5 87 87 81 83.5 88.5 82.5 92 83.5 84.5 94.5 
95 32 32 32 32 32 90 32 83 32 32 32 83 32 95.5 97 32 32 32 32 32 32 32 95 32 32 32 32 58.5 88 32 97 86.5 86.5 80.5 83 88 82 91.5 83 84 94 
96 31.5 31.5 31.5 31.5 31.5 89.5 31.5 82.5 31.5 31.5 31.5 82.5 31.5 95 96.5 31.5 31.5 31.5 31.5 31.5 31.5 31.5 94.5 31.5 31.5 31.5 31.5 58 87.5 31.5 96.5 86 86 80 82.5 87.5 81.5 91 82.5 83.5 93.5 
97 31 31 31 31 31 89 31 82 31 31 31 82 31 94.5 96 31 31 31 31 31 31 31 94 31 31 31 31 57.5 87 31 96 85.5 85.5 79.5 82 87 81 90.5 82 83 93 
98 30.5 30.5 30.5 30.5 30.5 88.5 30.5 81.5 30.5 30.5 30.5 81.5 30.5 94 95.5 30.5 30.5 30.5 30.5 30.5 30.5 30.5 93.5 30.5 30.5 30.5 30.5 57 86.5 30.5 95.5 85 85 79 81.5 86.5 80.5 90 81.5 82.5 92.5 
99 30 30 30 30 30 88 30 81 30 30 30 81 30 93.5 95 30 30 30 30 30 30 30 93 30 30 30 30 56.5 86 30 95 84.5 84.5 78.5 81 86 80 89.5 81 82 92 
100 29.5 29.5 29.5 29.5 87.5 29.5 80.5 29.5 29.5 29.5 80.5 29.5 93 94.5 29.5 29.5 29.5 92.5 29.5 29.5 29.5 56 85.5 94.5 84 84 78 80.5 85.5 79.5 89 80.5 81.5 91.5 
101 29 29 29 29 87 29 80 29 29 29 80 29 92.5 94 29 29 29 92 29 29 29 55.5 85 94 83.5 83.5 77.5 80 85 79 88.5 80 81 91 
102 28.5 28.5 28.5 28.5 86.5 28.5 79.5 28.5 28.5 28.5 79.5 28.5 92 93.5 28.5 28.5 28.5 91.5 28.5 28.5 28.5 55 84.5 93.5 83 83 100 79.5 84.5 78.5 88 79.5 100 90.5 
103 28 28 28 28 86 28 79 28 28 28 79 28 91.5 93 28 28 28 91 28 28 28 54.5 84 93 82.5 82.5 99.5 79 84 78 87.5 79 99.5 90 
104 27.5 27.5 27.5 27.5 85.5 27.5 78.5 27.5 27.5 27.5 78.5 27.5 91 92.5 27.5 27.5 27.5 90.5 27.5 27.5 27.5 54 83.5 92.5 82 82 99 78.5 83.5 77.5 87 78.5 99 89.5 
105 27 27 27 27 85 27 78 27 27 27 78 100 90.5 92 27 27 27 90 27 27 27 53.5 83 92 81.5 81.5 98.5 78 83 77 86.5 78 98.5 100 
106 26.5 26.5 26.5 26.5 84.5 26.5 77.5 26.5 26.5 26.5 77.5 99.5 90 91.5 26.5 26.5 26.5 89.5 26.5 26.5 26.5 53 82.5 91.5 81 81 98 77.5 82.5 76.5 86 77.5 98 99.5 99.5 
107 26 26 26 26 84 26 77 26 26 26 77 99 89.5 91 100 26 26 89 26 26 26 52.5 82 91 80.5 80.5 97.5 77 82 76 85.5 77 97.5 99 99 
108 25.5 25.5 25.5 25.5 83.5 25.5 76.5 25.5 25.5 25.5 76.5 98.5 89 90.5 99.5 25.5 25.5 88.5 25.5 25.5 25.5 52 81.5 90.5 80 80 97 76.5 81.5 75.5 85 76.5 97 98.5 98.5 
109 25 25 25 25 83 25 76 25 25 25 76 98 88.5 90 99 25 25 88 25 25 25 51.5 81 90 79.5 79.5 96.5 76 100 75 84.5 76 96.5 98 98 99.5 99.5 
110 24.5 24.5 24.5 24.5 82.5 24.5 75.5 24.5 24.5 24.5 75.5 97.5 88 89.5 98.5 24.5 24.5 87.5 24.5 24.5 24.5 51 80.5 89.5 79 79 96 75.5 99.5 74.5 100 75.5 96 97.5 97.5 99 99 
111 24 24 24 24 82 24 75 24 24 24 75 97 87.5 89 98 24 24 87 24 24 24 50.5 80 89 78.5 78.5 95.5 75 99 74 99.5 75 95.5 97 97 98.5 98.5 99.5 
112 23.5 23.5 23.5 23.5 81.5 23.5 74.5 23.5 23.5 23.5 74.5 96.5 87 88.5 97.5 23.5 23.5 86.5 23.5 23.5 23.5 50 79.5 100 78 78 95 74.5 98.5 73.5 99 74.5 95 96.5 96.5 98 98 99 
113 23 23 23 23 81 23 74 23 23 23 74 96 86.5 88 97 23 23 86 23 23 23 49.5 79 99.5 77.5 77.5 94.5 74 98 73 98.5 74 94.5 96 96 97.5 97.5 98.5 
114 22.5 22.5 22.5 22.5 80.5 22.5 73.5 22.5 22.5 22.5 73.5 95.5 86 87.5 96.5 22.5 22.5 85.5 22.5 22.5 22.5 49 78.5 99 77 77 94 73.5 97.5 72.5 98 73.5 94 95.5 95.5 97 97 98 99.5 99.5 
115 22 22 22 22 80 22 73 22 22 22 73 95 85.5 87 96 22 22 85 22 22 22 48.5 78 98.5 76.5 76.5 93.5 73 97 72 97.5 73 100 95 95 96.5 96.5 97.5 99 99 
116 21.5 21.5 21.5 21.5 79.5 21.5 72.5 21.5 21.5 21.5 72.5 94.5 85 86.5 95.5 21.5 21.5 84.5 21.5 21.5 21.5 48 77.5 98 76 76 93 72.5 96.5 71.5 97 72.5 99.5 94.5 94.5 100 96 97 98.5 98.5 99.5 
117 21 21 21 21 79 21 72 21 21 21 72 94 84.5 86 95 21 21 84 21 21 21 47.5 77 97.5 75.5 75.5 92.5 72 96 71 96.5 72 99 94 94 99.5 95.5 96.5 98 98 99 
118 20.5 20.5 20.5 20.5 78.5 20.5 71.5 20.5 20.5 20.5 71.5 93.5 84 85.5 94.5 20.5 20.5 83.5 20.5 20.5 20.5 47 76.5 97 75 75 92 71.5 95.5 70.5 96 71.5 98.5 93.5 93.5 99 95 96 97.5 97.5 98.5 
119 20 20 20 20 78 20 71 100 20 20 71 93 83.5 85 94 20 20 83 20 20 20 46.5 76 96.5 74.5 74.5 91.5 71 95 70 95.5 71 98 93 93 98.5 94.5 95.5 97 97 100 
120 19.5 19.5 19.5 19.5 77.5 19.5 70.5 99.5 19.5 19.5 70.5 92.5 83 84.5 93.5 19.5 19.5 82.5 19.5 19.5 19.5 46 75.5 96 74 74 91 70.5 94.5 69.5 95 70.5 97.5 92.5 92.5 98 94 95 96.5 96.5 99.5 
121 19 19 19 19 77 19 70 99 19 19 70 92 82.5 84 93 19 19 82 19 19 19 45.5 75 95.5 73.5 73.5 90.5 70 94 69 94.5 70 97 92 92 97.5 93.5 100 96 96 99 
122 18.5 18.5 18.5 18.5 76.5 18.5 69.5 98.5 18.5 18.5 69.5 91.5 82 83.5 92.5 18.5 18.5 81.5 18.5 18.5 18.5 45 74.5 95 73 73 90 69.5 93.5 68.5 94 69.5 96.5 91.5 91.5 97 93 99.5 95.5 95.5 98.5 
123 18 18 18 18 76 18 69 98 18 18 69 91 81.5 83 92 18 18 81 18 18 18 44.5 74 94.5 72.5 72.5 89.5 69 93 68 93.5 69 96 91 91 96.5 92.5 99 95 95 98 
124 17.5 17.5 17.5 17.5 75.5 17.5 68.5 97.5 17.5 17.5 68.5 90.5 81 82.5 91.5 17.5 17.5 80.5 17.5 17.5 17.5 44 73.5 94 72 72 89 68.5 92.5 67.5 93 68.5 95.5 90.5 90.5 96 92 98.5 94.5 94.5 97.5 
125 17 17 17 17 75 17 68 97 17 17 68 90 80.5 82 91 17 17 80 17 17 17 43.5 73 93.5 71.5 71.5 88.5 68 92 67 92.5 68 95 90 90 95.5 91.5 98 94 94 97 
126 16.5 16.5 16.5 16.5 74.5 16.5 67.5 96.5 16.5 16.5 67.5 89.5 80 81.5 90.5 16.5 16.5 79.5 16.5 16.5 16.5 43 72.5 93 71 71 88 67.5 91.5 66.5 92 67.5 94.5 89.5 89.5 95 91 97.5 93.5 93.5 96.5 
127 16 16 16 16 74 16 67 96 16 16 67 89 79.5 81 90 16 16 79 16 16 16 42.5 72 92.5 70.5 70.5 87.5 67 91 66 91.5 67 100 89 89 94.5 90.5 97 93 93 96 
128 15.5 15.5 15.5 15.5 73.5 15.5 66.5 95.5 15.5 15.5 66.5 88.5 79 80.5 89.5 100 15.5 78.5 15.5 15.5 15.5 100 71.5 92 70 70 87 66.5 90.5 65.5 91 66.5 99.5 88.5 88.5 94 90 96.5 92.5 100 95.5 
129 15 15 15 15 73 15 66 95 15 15 66 88 78.5 80 89 99.5 15 78 100 15 15 99.5 71 91.5 69.5 69.5 86.5 66 90 65 90.5 66 99 88 88 93.5 89.5 96 92 99.5 95 
130 14.5 14.5 14.5 14.5 72.5 14.5 65.5 94.5 14.5 14.5 65.5 87.5 78 79.5 88.5 99 14.5 77.5 99.5 14.5 14.5 99 70.5 91 69 69 86 65.5 89.5 64.5 90 65.5 98.5 87.5 87.5 93 89 95.5 91.5 99 94.5 
131 14 14 14 14 72 14 65 94 14 14 65 87 77.5 79 88 98.5 14 77 99 14 14 98.5 70 90.5 68.5 68.5 85.5 65 89 64 89.5 65 98 87 87 92.5 88.5 95 91 98.5 94 
132 13.5 13.5 13.5 13.5 71.5 13.5 64.5 93.5 13.5 13.5 64.5 86.5 77 78.5 87.5 98 13.5 76.5 98.5 13.5 13.5 98 69.5 90 68 68 85 64.5 88.5 63.5 89 64.5 97.5 86.5 86.5 92 88 94.5 90.5 98 93.5 
133 13 13 13 13 71 100 64 93 13 13 64 86 76.5 78 87 97.5 13 76 98 13 13 97.5 69 89.5 67.5 67.5 84.5 64 88 63 88.5 64 97 86 86 91.5 87.5 94 90 97.5 93 
134 12.5 12.5 12.5 12.5 70.5 99.5 63.5 92.5 12.5 12.5 63.5 85.5 76 77.5 86.5 97 12.5 75.5 97.5 12.5 12.5 97 68.5 100 67 67 84 63.5 87.5 62.5 88 63.5 96.5 85.5 100 91 87 93.5 89.5 97 92.5 
135 12 12 12 12 70 99 63 92 12 12 63 85 75.5 77 86 96.5 12 75 97 12 12 96.5 68 99.5 66.5 66.5 83.5 63 87 62 87.5 100 96 85 99.5 90.5 86.5 93 89 96.5 92 99.5 
136 11.5 11.5 11.5 11.5 69.5 98.5 62.5 91.5 11.5 11.5 62.5 84.5 75 76.5 85.5 96 11.5 74.5 96.5 11.5 11.5 96 67.5 99 66 66 83 62.5 86.5 61.5 87 99.5 95.5 84.5 99 90 86 92.5 88.5 96 91.5 99 
137 11 11 11 11 69 98 62 91 11 11 62 84 74.5 76 85 95.5 11 74 96 11 11 95.5 67 98.5 65.5 65.5 82.5 62 86 61 86.5 99 95 84 98.5 89.5 85.5 92 88 95.5 91 98.5 
138 10.5 10.5 10.5 10.5 68.5 97.5 61.5 90.5 10.5 10.5 61.5 83.5 74 75.5 84.5 95 10.5 73.5 95.5 100 10.5 95 66.5 98 65 65 82 61.5 85.5 60.5 86 98.5 94.5 83.5 98 89 85 91.5 87.5 95 90.5 100 
139 10 10 10 10 68 97 61 90 10 10 61 83 73.5 75 84 94.5 10 73 95 99.5 10 94.5 66 97.5 100 64.5 81.5 61 85 60 85.5 98 100 83 97.5 88.5 84.5 91 87 94.5 90 99.5 
140 9.5 9.5 9.5 9.5 67.5 96.5 60.5 89.5 9.5 9.5 60.5 82.5 73 74.5 83.5 94 9.5 72.5 94.5 99 9.5 94 65.5 97 99.5 64 81 60.5 84.5 59.5 85 97.5 99.5 82.5 97 88 84 90.5 86.5 94 89.5 99 99.5 
141 9 9 9 9 67 96 60 89 9 9 60 82 72.5 74 83 93.5 9 72 94 98.5 9 93.5 65 96.5 99 63.5 80.5 60 84 59 84.5 97 99 82 96.5 87.5 83.5 90 86 93.5 100 98.5 99 
142 8.5 8.5 8.5 8.5 66.5 95.5 59.5 88.5 8.5 8.5 59.5 81.5 72 73.5 82.5 93 8.5 71.5 93.5 98 8.5 93 64.5 96 98.5 63 80 59.5 83.5 58.5 100 96.5 98.5 81.5 96 87 83 89.5 85.5 93 99.5 98 98.5 
143 8 8 8 8 66 95 59 88 8 8 59 81 71.5 73 82 92.5 8 71 93 97.5 8 92.5 64 95.5 98 62.5 79.5 59 83 58 99.5 96 98 81 95.5 86.5 82.5 89 85 92.5 99 97.5 98 
144 7.5 7.5 7.5 7.5 65.5 94.5 58.5 87.5 7.5 7.5 58.5 80.5 71 72.5 81.5 92 7.5 70.5 92.5 97 7.5 92 63.5 95 97.5 62 79 58.5 82.5 57.5 99 95.5 97.5 80.5 95 86 82 88.5 84.5 92 98.5 97 97.5 
145 7 7 7 7 65 94 58 87 7 7 58 80 70.5 72 81 91.5 7 70 92 96.5 7 91.5 63 94.5 97 61.5 78.5 58 82 57 98.5 95 97 80 94.5 85.5 81.5 88 84 91.5 98 96.5 97 
146 6.5 6.5 6.5 6.5 64.5 93.5 57.5 86.5 6.5 6.5 57.5 79.5 70 71.5 80.5 91 6.5 69.5 91.5 96 6.5 91 62.5 94 96.5 61 78 57.5 81.5 56.5 98 94.5 96.5 79.5 94 85 81 87.5 83.5 91 97.5 96 96.5 
147 6 6 6 6 64 93 57 86 6 6 57 79 69.5 71 80 90.5 6 69 91 95.5 6 90.5 62 93.5 96 60.5 77.5 57 100 56 97.5 94 96 79 93.5 84.5 80.5 87 83 90.5 97 95.5 96 99.5 
148 100 5.5 5.5 5.5 63.5 92.5 56.5 85.5 5.5 5.5 56.5 78.5 69 70.5 79.5 90 5.5 68.5 90.5 95 5.5 90 61.5 93 95.5 60 77 56.5 99.5 55.5 97 93.5 95.5 78.5 93 84 80 86.5 82.5 90 96.5 95 100 99 
149 99.5 5 5 5 63 92 56 85 5 5 56 78 68.5 70 79 89.5 5 68 90 94.5 5 89.5 61 92.5 95 59.5 76.5 56 99 55 96.5 93 95 78 92.5 83.5 79.5 86 82 89.5 96 94.5 99.5 98.5 
150 99 4.5 4.5 4.5 62.5 91.5 55.5 84.5 4.5 4.5 55.5 77.5 68 69.5 78.5 89 4.5 67.5 89.5 94 4.5 89 60.5 92 94.5 59 76 55.5 98.5 54.5 96 92.5 94.5 77.5 92 83 79 85.5 81.5 89 95.5 94 99 98 
151 98.5 4 4 4 62 91 55 84 4 4 55 77 67.5 69 78 88.5 4 67 89 93.5 4 88.5 60 91.5 94 58.5 75.5 55 98 54 95.5 92 100 77 91.5 82.5 78.5 85 81 88.5 95 93.5 98.5 97.5 
152 98 3.5 3.5 3.5 61.5 90.5 54.5 83.5 3.5 3.5 54.5 76.5 67 68.5 77.5 88 3.5 66.5 88.5 93 3.5 88 59.5 91 93.5 58 75 54.5 97.5 53.5 95 91.5 99.5 76.5 91 82 78 84.5 80.5 88 94.5 93 98 97 
153 97.5 3 3 3 61 90 54 83 3 3 54 76 66.5 68 77 87.5 3 66 88 92.5 3 87.5 59 90.5 93 57.5 74.5 54 97 53 94.5 91 99 76 90.5 81.5 77.5 84 80 87.5 94 92.5 97.5 100 
154 97 2.5 2.5 2.5 60.5 89.5 53.5 82.5 2.5 2.5 53.5 75.5 66 67.5 76.5 87 2.5 65.5 87.5 92 2.5 87 58.5 90 92.5 57 74 53.5 96.5 52.5 94 90.5 98.5 75.5 90 81 77 83.5 79.5 87 93.5 92 97 99.5 
155 96.5 2 2 2 60 89 53 82 2 2 53 75 65.5 67 76 86.5 2 65 87 91.5 2 86.5 58 89.5 92 56.5 73.5 53 96 52 93.5 90 98 75 89.5 80.5 76.5 83 79 86.5 93 91.5 96.5 99 
156 96 1.5 1.5 1.5 59.5 88.5 52.5 81.5 1.5 1.5 52.5 74.5 65 66.5 75.5 86 1.5 64.5 86.5 91 1.5 86 57.5 100 91.5 56 73 52.5 95.5 51.5 93 89.5 97.5 74.5 89 80 76 82.5 78.5 86 92.5 91 96 98.5 
157 95.5 1 1 1 59 88 52 81 1 1 52 74 64.5 66 75 85.5 1 64 86 90.5 1 85.5 57 99.5 91 55.5 72.5 52 95 51 92.5 89 97 74 88.5 79.5 75.5 82 78 85.5 92 90.5 95.5 98 
158 95 0.5 0.5 0.5 58.5 87.5 51.5 80.5 0.5 0.5 51.5 73.5 64 65.5 74.5 85 0.5 63.5 85.5 90 0.5 85 56.5 99 90.5 55 72 51.5 94.5 50.5 92 88.5 96.5 100 88 79 75 81.5 77.5 85 91.5 90 95 97.5 
159 94.5 0 0 0 58 87 51 80 0 0 51 73 63.5 65 74 84.5 0 63 85 89.5 0 84.5 56 98.5 90 54.5 71.5 51 94 50 91.5 88 96 99.5 87.5 78.5 74.5 81 77 84.5 91 89.5 94.5 97 
160 94 57.5 86.5 50.5 79.5 50.5 72.5 63 64.5 73.5 84 62.5 84.5 89 84 55.5 98 89.5 54 71 50.5 93.5 49.5 91 87.5 95.5 99 87 78 74 80.5 76.5 84 90.5 89 94 96.5 
161 93.5 57 86 50 79 50 72 62.5 64 73 83.5 62 84 88.5 83.5 55 97.5 89 53.5 70.5 50 93 49 90.5 87 95 98.5 86.5 77.5 73.5 80 76 83.5 90 88.5 93.5 96 99.5 
162 93 56.5 85.5 49.5 78.5 49.5 71.5 62 63.5 72.5 83 61.5 83.5 88 83 54.5 97 88.5 53 70 49.5 92.5 48.5 90 86.5 94.5 98 86 77 73 79.5 75.5 83 89.5 88 93 95.5 99 
163 92.5 56 85 49 78 49 71 61.5 63 72 82.5 61 83 87.5 82.5 54 96.5 88 52.5 69.5 49 92 48 89.5 86 100 97.5 85.5 76.5 72.5 79 75 82.5 100 87.5 92.5 95 98.5 
164 92 55.5 84.5 48.5 77.5 48.5 70.5 61 62.5 71.5 82 60.5 82.5 87 82 53.5 96 87.5 52 69 48.5 91.5 47.5 89 85.5 99.5 97 85 76 72 78.5 74.5 82 99.5 87 92 94.5 98 
165 91.5 55 84 48 77 48 70 60.5 62 71 81.5 60 82 86.5 81.5 53 95.5 87 51.5 68.5 48 91 47 88.5 85 99 96.5 84.5 75.5 71.5 78 74 81.5 99 86.5 91.5 94 97.5 
166 91 54.5 83.5 47.5 76.5 47.5 69.5 60 61.5 70.5 81 59.5 81.5 86 81 52.5 95 86.5 51 68 100 90.5 46.5 88 84.5 98.5 96 84 75 71 100 73.5 81 98.5 86 91 93.5 97 
167 90.5 54 83 47 76 47 69 59.5 61 70 80.5 59 81 85.5 80.5 52 94.5 86 50.5 67.5 99.5 90 46 87.5 84 98 95.5 83.5 74.5 70.5 99.5 73 80.5 98 85.5 90.5 93 96.5 
168 90 53.5 82.5 46.5 75.5 46.5 68.5 59 60.5 69.5 80 58.5 80.5 85 80 51.5 94 85.5 50 67 99 89.5 45.5 87 83.5 97.5 95 83 74 70 99 72.5 100 97.5 85 90 92.5 96 
169 89.5 53 82 46 75 46 68 58.5 60 69 79.5 58 80 84.5 79.5 51 93.5 100 49.5 66.5 98.5 89 45 86.5 83 97 94.5 82.5 73.5 69.5 98.5 72 99.5 97 84.5 89.5 92 95.5 
170 89 52.5 81.5 45.5 74.5 45.5 67.5 58 59.5 68.5 79 57.5 79.5 84 79 50.5 93 99.5 49 66 98 88.5 44.5 86 82.5 96.5 94 82 73 69 98 71.5 99 96.5 84 89 91.5 95 
171 88.5 52 81 45 74 45 67 57.5 59 68 78.5 57 79 83.5 78.5 100 92.5 99 48.5 65.5 97.5 88 44 85.5 82 96 93.5 81.5 72.5 68.5 97.5 71 98.5 96 83.5 88.5 91 94.5 
172 88 51.5 80.5 44.5 73.5 44.5 66.5 57 58.5 67.5 78 56.5 78.5 83 78 99.5 92 98.5 48 65 97 87.5 43.5 85 81.5 95.5 93 81 72 68 97 70.5 98 95.5 83 88 90.5 94 
173 87.5 51 80 44 73 44 66 56.5 58 67 77.5 56 78 82.5 77.5 99 91.5 98 47.5 64.5 96.5 87 43 84.5 81 95 92.5 80.5 71.5 67.5 96.5 70 97.5 95 82.5 87.5 90 93.5 
174 87 50.5 79.5 43.5 72.5 43.5 65.5 56 57.5 66.5 77 55.5 77.5 82 77 98.5 91 97.5 100 64 96 86.5 42.5 100 80.5 94.5 92 80 71 67 96 69.5 97 94.5 82 87 89.5 93 99.5 
175 86.5 50 79 43 72 43 65 55.5 57 66 76.5 55 77 81.5 76.5 98 90.5 97 99.5 63.5 95.5 86 42 99.5 80 100 91.5 79.5 70.5 66.5 95.5 69 96.5 94 81.5 86.5 89 92.5 99 
176 86 49.5 78.5 42.5 71.5 42.5 64.5 55 56.5 65.5 76 54.5 76.5 81 76 97.5 90 96.5 99 63 95 85.5 41.5 99 79.5 99.5 91 79 70 66 95 68.5 96 93.5 81 86 88.5 92 98.5 
177 85.5 49 78 42 71 42 64 54.5 56 65 75.5 54 76 80.5 75.5 97 89.5 96 98.5 62.5 94.5 85 41 98.5 79 99 90.5 78.5 69.5 65.5 94.5 68 95.5 93 80.5 85.5 88 91.5 98 
178 85 48.5 77.5 41.5 70.5 41.5 63.5 54 55.5 64.5 75 53.5 75.5 80 75 96.5 100 95.5 98 62 94 84.5 40.5 98 78.5 98.5 90 78 69 65 94 67.5 95 92.5 80 100 87.5 91 97.5 
179 84.5 48 77 41 70 41 63 53.5 55 64 74.5 53 75 79.5 74.5 96 99.5 95 97.5 61.5 93.5 84 40 97.5 78 98 89.5 77.5 68.5 64.5 93.5 67 94.5 92 79.5 99.5 87 90.5 97 
180 84 47.5 76.5 40.5 69.5 40.5 62.5 53 54.5 63.5 74 52.5 74.5 79 74 95.5 99 94.5 97 61 93 83.5 39.5 97 77.5 97.5 89 77 68 64 93 66.5 94 91.5 79 99 86.5 90 96.5 
181 83.5 47 76 40 69 40 62 52.5 54 63 73.5 52 74 78.5 73.5 95 98.5 94 96.5 60.5 92.5 83 39 96.5 77 97 88.5 76.5 67.5 63.5 92.5 66 93.5 91 78.5 98.5 86 89.5 96 
182 83 46.5 75.5 39.5 68.5 39.5 61.5 52 53.5 62.5 73 51.5 73.5 78 73 94.5 98 93.5 96 60 92 82.5 38.5 96 76.5 96.5 88 76 67 63 92 65.5 93 90.5 78 98 85.5 89 95.5 99.5 
183 82.5 46 75 39 68 39 61 51.5 53 62 72.5 51 73 77.5 72.5 94 97.5 93 95.5 59.5 91.5 82 38 95.5 76 96 87.5 75.5 66.5 62.5 91.5 65 92.5 90 77.5 97.5 85 88.5 95 99 
184 82 45.5 74.5 38.5 67.5 38.5 60.5 51 52.5 61.5 72 50.5 72.5 77 72 93.5 97 92.5 95 59 91 81.5 37.5 95 75.5 95.5 87 75 66 62 91 64.5 92 89.5 77 97 84.5 88 94.5 98.5 
185 81.5 45 74 38 67 38 60 50.5 52 61 71.5 50 72 76.5 71.5 93 96.5 92 94.5 58.5 90.5 100 37 94.5 75 95 86.5 74.5 65.5 61.5 90.5 64 91.5 100 76.5 96.5 100 87.5 94 98 
186 81 44.5 73.5 37.5 66.5 37.5 59.5 50 51.5 60.5 71 49.5 71.5 76 71 92.5 96 91.5 94 58 90 99.5 36.5 94 74.5 94.5 86 74 65 61 90 63.5 91 99.5 76 96 99.5 87 93.5 97.5 99.5 
187 80.5 44 73 37 66 37 59 49.5 51 60 70.5 49 71 75.5 70.5 92 95.5 91 93.5 57.5 89.5 99 36 93.5 74 100 85.5 73.5 64.5 60.5 89.5 63 90.5 99 75.5 95.5 99 86.5 93 97 99 
188 80 43.5 72.5 36.5 65.5 36.5 58.5 49 50.5 59.5 70 48.5 70.5 75 70 91.5 95 90.5 93 57 89 98.5 35.5 93 73.5 99.5 100 73 64 60 89 62.5 90 98.5 75 95 98.5 86 100 96.5 98.5 
189 79.5 43 72 36 65 36 58 48.5 50 59 69.5 48 70 74.5 69.5 91 94.5 90 92.5 56.5 88.5 98 35 92.5 73 99 99.5 72.5 63.5 59.5 88.5 62 89.5 98 74.5 94.5 98 85.5 99.5 96 98 
190 79 42.5 71.5 35.5 64.5 35.5 57.5 48 49.5 58.5 69 47.5 69.5 74 69 90.5 94 89.5 92 56 88 97.5 34.5 92 72.5 98.5 99 72 63 59 88 61.5 89 97.5 74 94 97.5 85 99 95.5 97.5 99.5 
191 78.5 42 71 35 64 35 57 47.5 49 58 68.5 47 69 73.5 68.5 90 93.5 89 91.5 55.5 87.5 97 34 91.5 72 98 98.5 71.5 62.5 58.5 87.5 61 88.5 97 73.5 93.5 97 84.5 98.5 100 97 99 
192 78 41.5 70.5 34.5 63.5 34.5 56.5 47 48.5 57.5 68 46.5 68.5 73 68 89.5 93 88.5 91 55 87 96.5 33.5 91 71.5 97.5 98 71 62 58 87 60.5 88 96.5 73 93 96.5 84 98 99.5 96.5 98.5 
193 77.5 41 70 34 63 34 56 46.5 48 57 67.5 46 68 72.5 67.5 89 92.5 88 90.5 54.5 86.5 96 33 90.5 71 97 97.5 70.5 61.5 57.5 86.5 60 87.5 96 72.5 92.5 96 83.5 97.5 99 96 98 99.5 
194 77 40.5 69.5 33.5 62.5 33.5 55.5 46 47.5 56.5 67 45.5 67.5 72 67 88.5 92 87.5 90 54 86 95.5 32.5 90 70.5 96.5 97 70 61 57 86 59.5 87 95.5 72 92 95.5 83 97 98.5 95.5 97.5 99 
195 76.5 40 69 33 62 33 55 45.5 47 56 66.5 45 67 71.5 66.5 88 91.5 87 89.5 53.5 85.5 95 32 89.5 70 96 96.5 69.5 60.5 56.5 85.5 59 86.5 95 71.5 91.5 95 82.5 96.5 98 95 97 98.5 
196 76 39.5 68.5 32.5 61.5 32.5 54.5 45 46.5 55.5 66 44.5 66.5 71 66 87.5 91 86.5 89 53 85 94.5 31.5 89 69.5 95.5 96 69 60 56 100 58.5 86 94.5 71 91 94.5 82 96 97.5 94.5 96.5 98 99.5 
197 75.5 39 68 32 61 32 54 44.5 46 55 65.5 44 66 70.5 65.5 87 90.5 86 88.5 52.5 84.5 94 31 88.5 69 95 95.5 68.5 59.5 55.5 99.5 100 85.5 94 70.5 90.5 94 81.5 95.5 97 94 96 97.5 99 99.5 
198 75 38.5 67.5 31.5 60.5 31.5 100 44 45.5 54.5 65 43.5 65.5 70 65 86.5 90 85.5 88 52 84 93.5 30.5 88 68.5 94.5 95 68 59 55 99 99.5 85 93.5 70 90 93.5 81 95 96.5 93.5 95.5 97 98.5 99 
199 74.5 38 67 31 60 31 99.5 43.5 45 54 64.5 43 65 69.5 64.5 86 89.5 100 87.5 51.5 83.5 93 30 87.5 68 100 94.5 67.5 58.5 54.5 98.5 99 84.5 93 69.5 89.5 93 80.5 94.5 96 93 100 96.5 98 98.5 99.5 
200 74 37.5 66.5 30.5 59.5 30.5 99 43 44.5 53.5 64 42.5 64.5 69 64 85.5 100 99.5 87 51 83 92.5 29.5 87 67.5 99.5 94 67 58 54 98 98.5 84 92.5 69 89 92.5 80 94 95.5 92.5 99.5 96 97.5 98 100 
201 73.5 37 66 30 59 30 98.5 42.5 44 53 63.5 42 64 68.5 63.5 85 99.5 99 86.5 50.5 82.5 92 29 86.5 67 99 93.5 66.5 57.5 53.5 97.5 98 83.5 92 68.5 88.5 92 79.5 93.5 95 92 99 95.5 97 97.5 99.5 
202 73 36.5 65.5 29.5 58.5 29.5 98 42 43.5 52.5 63 41.5 63.5 68 63 84.5 99 98.5 86 50 82 91.5 28.5 86 66.5 98.5 93 66 57 53 97 97.5 83 91.5 68 88 91.5 79 93 94.5 91.5 98.5 95 96.5 97 99 
203 72.5 36 65 58 29 97.5 41.5 43 52 62.5 41 63 67.5 62.5 84 98.5 98 85.5 49.5 81.5 91 28 85.5 66 98 92.5 65.5 56.5 52.5 96.5 97 82.5 91 67.5 87.5 91 78.5 92.5 94 91 98 94.5 96 96.5 98.5 
204 72 35.5 64.5 57.5 28.5 97 41 42.5 51.5 62 40.5 62.5 67 62 83.5 98 97.5 85 100 81 90.5 27.5 85 65.5 97.5 92 100 56 52 96 96.5 82 90.5 67 87 90.5 78 92 93.5 90.5 97.5 94 95.5 96 98 
205 71.5 35 64 57 28 96.5 40.5 42 51 61.5 40 62 66.5 61.5 83 97.5 97 84.5 99.5 80.5 90 27 84.5 65 97 91.5 99.5 55.5 51.5 95.5 96 81.5 90 66.5 86.5 90 77.5 91.5 93 90 97 93.5 100 95.5 97.5 
206 71 34.5 63.5 100 27.5 96 40 41.5 50.5 61 39.5 61.5 66 61 82.5 97 96.5 84 99 100 89.5 26.5 100 64.5 96.5 91 99 55 51 95 95.5 81 89.5 66 86 89.5 77 91 92.5 89.5 96.5 93 99.5 95 97 
207 70.5 34 63 99.5 27 95.5 39.5 41 50 60.5 39 61 65.5 60.5 82 96.5 96 83.5 98.5 99.5 89 26 99.5 64 96 90.5 98.5 54.5 50.5 94.5 95 80.5 100 65.5 85.5 89 100 90.5 92 89 96 92.5 99 94.5 96.5 
208 70 33.5 62.5 99 26.5 95 39 40.5 49.5 60 38.5 60.5 65 60 81.5 96 95.5 83 98 99 88.5 25.5 99 63.5 95.5 90 98 54 50 94 94.5 100 99.5 65 100 88.5 99.5 90 91.5 88.5 95.5 100 98.5 94 96 
209 69.5 33 100 98.5 26 94.5 38.5 40 49 59.5 38 60 64.5 59.5 81 95.5 95 82.5 97.5 98.5 88 25 98.5 63 95 89.5 97.5 53.5 49.5 93.5 94 99.5 99 64.5 99.5 88 99 89.5 91 88 95 99.5 98 93.5 95.5 
210 69 32.5 99.5 98 25.5 94 38 39.5 48.5 59 37.5 59.5 64 59 80.5 95 94.5 82 97 98 87.5 24.5 98 62.5 94.5 89 97 53 49 93 93.5 99 98.5 64 99 87.5 98.5 89 90.5 87.5 94.5 99 97.5 93 95 
211 68.5 32 99 97.5 25 93.5 37.5 39 48 58.5 37 59 63.5 58.5 80 94.5 94 81.5 96.5 97.5 87 24 97.5 62 100 88.5 96.5 52.5 48.5 92.5 93 98.5 98 100 98.5 87 98 88.5 90 87 94 98.5 97 92.5 94.5 
212 68 98.5 97 24.5 93 37 38.5 47.5 58 36.5 58.5 63 58 79.5 94 93.5 81 96 97 86.5 23.5 97 61.5 99.5 88 96 52 48 92 92.5 98 97.5 99.5 98 86.5 97.5 88 89.5 86.5 93.5 98 96.5 92 94 99.5 
213 67.5 98 96.5 100 92.5 36.5 38 47 57.5 36 58 62.5 57.5 79 93.5 93 80.5 95.5 96.5 86 23 96.5 61 99 87.5 95.5 51.5 47.5 91.5 92 97.5 97 99 97.5 86 100 87.5 89 86 93 97.5 96 91.5 93.5 99 
214 67 97.5 96 99.5 92 36 37.5 46.5 57 35.5 57.5 62 57 78.5 93 92.5 80 95 96 85.5 22.5 96 60.5 98.5 87 95 51 47 91 91.5 97 96.5 98.5 97 85.5 99.5 87 88.5 85.5 92.5 97 95.5 91 93 98.5 
215 66.5 97 95.5 99 91.5 35.5 37 56.5 35 57 61.5 56.5 78 92.5 92 100 94.5 95.5 85 22 95.5 60 98 86.5 94.5 50.5 46.5 90.5 91 96.5 96 98 96.5 85 99 86.5 88 85 92 96.5 95 100 92.5 98 
216 66 96.5 95 98.5 91 35 36.5 56 34.5 56.5 61 56 77.5 92 91.5 99.5 94 95 84.5 21.5 95 59.5 97.5 86 94 50 46 90 90.5 96 95.5 97.5 96 84.5 98.5 86 87.5 84.5 91.5 96 94.5 99.5 92 97.5 
217 65.5 96 94.5 98 90.5 34.5 36 55.5 34 56 60.5 55.5 77 91.5 91 99 93.5 94.5 84 21 94.5 59 97 85.5 93.5 49.5 45.5 89.5 90 95.5 95 97 95.5 100 98 85.5 87 84 91 95.5 94 99 91.5 97 
218 65 95.5 94 97.5 90 34 100 55 33.5 55.5 60 55 76.5 91 90.5 98.5 93 94 83.5 100 94 58.5 96.5 100 93 49 45 89 89.5 95 94.5 96.5 95 99.5 97.5 85 86.5 83.5 90.5 95 93.5 98.5 91 96.5 
219 64.5 95 93.5 97 89.5 33.5 99.5 54.5 33 55 59.5 54.5 76 90.5 90 98 92.5 93.5 83 99.5 93.5 58 96 99.5 92.5 48.5 44.5 88.5 89 94.5 94 96 94.5 99 100 84.5 86 83 90 94.5 93 98 90.5 96 
220 64 94.5 93 96.5 89 33 99 54 32.5 54.5 59 54 75.5 90 89.5 97.5 92 93 82.5 99 93 57.5 95.5 99 92 48 44 88 88.5 94 93.5 95.5 94 98.5 99.5 84 85.5 82.5 89.5 94 92.5 97.5 90 95.5 
221 63.5 94 92.5 96 88.5 32.5 98.5 53.5 32 54 58.5 53.5 75 89.5 89 97 91.5 92.5 82 98.5 92.5 57 95 98.5 91.5 47.5 43.5 87.5 88 93.5 93 95 93.5 98 99 83.5 85 82 89 93.5 92 97 89.5 95 
222 63 93.5 92 95.5 88 32 98 53 31.5 53.5 58 53 74.5 100 88.5 96.5 91 92 81.5 98 92 56.5 94.5 98 91 47 43 87 87.5 93 92.5 94.5 93 97.5 98.5 83 84.5 81.5 88.5 93 91.5 96.5 89 94.5 
223 62.5 93 91.5 95 87.5 31.5 97.5 52.5 31 53 57.5 52.5 74 99.5 88 96 90.5 91.5 100 97.5 91.5 56 100 97.5 90.5 46.5 42.5 86.5 87 92.5 92 94 92.5 97 98 82.5 84 81 88 92.5 91 96 88.5 94 
224 62 92.5 91 94.5 87 100 97 52 30.5 52.5 57 52 73.5 99 87.5 95.5 90 91 99.5 97 91 55.5 99.5 97 90 46 42 86 86.5 92 91.5 93.5 92 96.5 97.5 82 83.5 80.5 87.5 92 90.5 95.5 88 100 
225 61.5 92 90.5 94 86.5 99.5 96.5 51.5 30 52 56.5 51.5 73 98.5 87 95 89.5 90.5 99 96.5 90.5 55 99 96.5 89.5 45.5 41.5 85.5 86 91.5 91 93 91.5 96 100 81.5 83 100 87 91.5 90 95 87.5 99.5 
226 61 91.5 90 93.5 86 99 96 51 29.5 51.5 56 51 72.5 98 86.5 94.5 89 90 98.5 96 90 54.5 98.5 96 89 45 41 100 85.5 91 90.5 92.5 91 95.5 99.5 81 82.5 99.5 86.5 91 89.5 94.5 87 99 
227 60.5 91 89.5 93 85.5 98.5 95.5 50.5 29 51 55.5 50.5 72 97.5 86 94 88.5 89.5 98 95.5 89.5 54 98 95.5 88.5 44.5 40.5 99.5 100 90.5 90 92 90.5 95 99 80.5 82 99 86 90.5 89 94 86.5 98.5 
228 60 90.5 89 92.5 85 98 95 50 28.5 50.5 55 50 71.5 97 85.5 93.5 88 89 97.5 95 89 53.5 97.5 95 100 44 40 99 99.5 90 89.5 91.5 90 94.5 98.5 80 100 98.5 85.5 90 88.5 93.5 86 98 
229 59.5 90 88.5 92 84.5 97.5 94.5 49.5 28 50 54.5 49.5 71 96.5 100 93 87.5 88.5 97 94.5 88.5 53 97 94.5 99.5 43.5 39.5 98.5 99 89.5 100 91 89.5 94 98 100 99.5 98 100 89.5 100 93 85.5 97.5 
