0 98 98 98 98 98 98 98 98 98 98 98 98 98 98 98 98 98 98 98 98 98 98 98 98 98 98 98 98 98 98 
1 96 96 96 96 96 96 96 96 96 96 96 96 96 96 96 96 96 96 96 96 96 96 96 96 96 96 96 96 96 96 
2 94 94 94 94 94 94 94 94 94 94 94 94 94 94 94 94 94 94 94 94 94 94 94 94 94 94 94 94 94 94 
3 92 92 92 92 92 92 92 92 92 92 92 92 92 92 92 92 92 92 92 92 92 92 92 92 92 92 92 92 92 92 
4 90 90 90 90 90 90 90 90 90 90 90 90 90 90 90 90 90 90 90 90 90 90 90 90 90 90 90 90 90 90 
5 88 88 88 88 88 88 88 88 88 88 88 88 88 88 88 88 88 88 88 88 88 88 88 88 88 88 88 88 88 88 
6 86 86 86 86 86 86 86 86 86 86 86 86 86 86 86 86 86 86 86 86 86 86 86 86 86 86 86 86 86 86 
7 84 84 84 84 84 84 84 84 84 84 84 84 84 84 84 84 84 84 84 84 84 84 84 84 84 84 84 84 84 84 
8 82 82 82 82 82 82 82 82 82 82 82 82 82 82 82 82 82 82 82 82 82 82 82 82 82 82 82 82 82 82 
9 80 80 80 80 80 80 80 80 80 80 80 80 80 80 80 80 80 80 80 80 80 80 80 80 80 80 80 80 80 80 
10 78 78 78 78 78 78 78 78 78 78 78 78 78 78 78 78 78 78 78 78 78 78 78 78 78 78 78 78 78 78 
11 76 76 76 76 76 76 76 76 76 76 76 76 76 76 76 76 76 76 76 76 76 76 76 76 76 76 76 76 76 76 
12 74 74 74 74 74 74 74 74 74 74 74 74 74 74 74 74 74 74 74 74 74 74 74 74 74 74 74 74 74 74 
13 72 72 72 72 72 72 72 72 72 72 72 72 72 72 72 72 72 72 72 72 72 72 72 72 72 72 72 72 72 72 
14 70 70 70 70 70 70 70 70 70 70 70 70 70 70 70 70 70 70 70 70 70 70 70 70 70 70 70 70 70 70 
15 68 68 68 68 68 68 68 68 68 68 68 68 68 68 68 68 68 68 68 68 68 68 68 68 68 68 68 68 68 68 
16 66 66 66 66 66 66 66 66 66 66 66 66 66 66 66 66 66 66 66 66 66 66 66 66 66 66 66 66 66 66 
17 64 64 64 64 64 64 64 64 64 64 64 64 64 64 64 64 64 64 64 64 64 64 64 64 64 64 64 64 64 64 
18 62 62 62 62 62 62 62 62 62 62 62 62 62 62 62 62 62 62 62 62 62 62 62 62 62 62 62 62 62 62 
19 60 60 60 60 60 60 60 60 60 60 60 60 60 60 60 60 60 60 60 60 60 60 60 60 60 60 60 60 60 60 
20 58 58 58 58 58 58 58 58 58 58 58 58 58 58 58 58 58 58 58 58 58 58 58 58 58 58 58 58 58 58 
21 56 56 56 56 56 56 56 56 56 56 56 56 56 56 56 56 56 56 56 56 56 56 56 56 56 56 56 56 56 56 
22 54 54 54 54 54 54 54 54 54 54 54 54 54 54 54 54 54 54 54 54 54 54 54 54 54 54 54 54 54 54 
23 52 52 52 52 52 52 52 52 52 52 52 52 52 52 52 52 52 52 52 52 52 52 52 52 52 52 52 52 52 52 
24 50 50 50 50 50 50 50 50 50 50 50 50 50 50 50 50 50 50 50 50 50 50 50 50 50 50 50 50 50 50 
25 48 48 48 48 48 48 48 48 48 48 48 48 48 48 48 48 48 48 48 48 48 48 48 48 48 48 48 48 48 48 
26 46 46 46 46 46 46 46 46 46 46 46 46 46 46 46 46 46 46 46 46 46 46 46 46 46 46 46 46 46 46 
27 44 44 44 44 44 44 44 44 44 44 44 44 44 44 44 44 44 44 44 44 44 44 44 44 44 44 44 44 44 44 
28 42 42 42 42 42 42 42 42 42 42 42 42 42 42 42 42 42 42 42 42 42 42 42 42 42 42 42 42 42 42 
29 40 40 40 40 40 40 40 40 40 40 40 40 40 40 40 40 40 40 40 40 40 40 40 40 40 40 40 40 40 40 
30 38 38 38 38 38 38 38 38 38 38 38 38 38 38 38 38 38 38 38 38 38 38 38 38 38 38 38 38 38 38 
31 36 36 36 36 36 36 36 36 36 36 36 36 36 36 36 36 36 36 36 36 36 36 36 36 36 36 36 36 36 36 
32 34 34 34 34 34 34 34 34 34 34 34 34 34 34 34 34 34 34 34 34 34 34 34 34 34 34 34 34 34 34 
33 32 32 32 32 32 32 32 32 32 32 32 32 32 32 32 32 32 32 32 32 32 32 32 32 32 32 32 32 32 32 
34 30 30 30 30 30 30 30 30 30 30 30 30 30 30 30 30 30 30 30 30 30 30 30 30 30 30 30 30 30 30 
35 28 28 28 28 28 28 28 28 28 28 28 28 28 28 28 28 28 28 28 28 28 28 28 28 28 28 28 28 28 28 
36 26 26 26 26 26 26 26 26 26 26 26 26 26 26 26 26 26 26 26 26 26 26 26 26 26 26 26 26 26 26 
37 24 24 24 24 24 24 24 24 24 24 24 24 24 24 24 24 24 24 24 24 24 24 24 24 24 24 24 24 24 24 
38 22 22 22 22 22 22 22 22 22 22 22 22 22 22 22 22 22 22 22 22 22 22 22 22 22 22 22 22 22 22 
39 20 20 20 20 20 20 20 20 20 20 20 20 20 20 20 20 20 20 20 20 20 20 20 20 20 20 20 20 20 20 
40 18 18 18 18 18 18 18 18 18 18 18 18 18 18 18 18 18 18 18 18 18 18 18 18 18 18 18 18 18 18 
41 16 16 16 16 16 16 16 16 16 16 16 16 16 16 16 16 16 16 16 16 16 16 16 16 16 16 16 16 16 16 
42 14 14 14 14 14 14 14 14 14 14 14 14 14 14 14 14 14 14 14 14 14 14 14 14 14 14 14 14 14 14 
43 12 12 12 12 12 12 12 12 12 12 12 12 12 12 12 12 12 12 12 12 12 12 12 12 12 12 12 12 12 12 
44 10 10 10 10 10 10 10 10 10 10 10 10 10 10 10 10 10 10 10 10 10 10 10 10 10 10 10 10 10 10 
45 8 8 8 8 8 8 8 8 8 8 8 8 8 8 8 8 8 8 8 8 8 8 8 8 8 8 8 8 8 8 
46 6 6 6 6 6 6 6 6 6 6 6 6 6 6 6 6 6 6 6 6 6 6 6 6 6 6 6 6 6 6 
47 4 4 4 4 4 4 4 4 4 4 4 4 4 4 4 4 4 4 4 4 4 4 4 4 4 4 4 4 4 4 
48 2 2 2 2 2 2 2 2 2 2 2 2 2 2 2 2 2 2 2 2 2 2 2 2 2 2 2 2 2 2 
49 0 0 0 0 0 0 0 0 0 0 0 0 0 0 0 0 0 0 0 0 0 0 0 0 0 0 0 0 0 0 
50 0 0 0 0 0 0 0 0 0 0 0 0 0 0 0 0 0 0 0 0 0 0 0 0 0 0 0 0 0 0 
51 0 100 0 0 0 100 0 0 0 0 0 0 0 0 0 0 0 0 0 0 0 0 0 0 0 0 0 0 0 0 
52 0 98 0 0 0 98 0 0 0 0 0 0 0 0 0 0 0 0 0 0 0 0 0 0 0 0 0 0 0 0 98 
53 0 96 0 0 0 96 0 0 0 0 0 0 0 0 0 100 0 0 0 100 0 100 0 100 0 0 0 0 0 0 96 
54 0 94 0 0 0 94 0 0 0 0 0 0 0 0 0 98 0 0 0 98 0 98 0 98 0 0 0 0 0 0 94 98 98 
55 0 92 0 0 0 92 0 0 0 0 0 0 0 0 0 96 0 0 0 96 0 96 0 96 0 0 0 0 0 0 92 96 96 
56 0 90 0 0 0 90 0 0 0 0 100 0 0 0 0 94 0 0 100 94 0 94 0 94 0 0 0 0 0 0 90 94 94 
57 0 88 0 0 0 88 0 100 0 0 98 100 0 0 0 92 0 0 98 92 0 92 0 92 0 0 0 0 0 0 88 92 92 98 
58 0 86 0 0 0 86 0 98 0 0 96 98 0 0 0 90 0 0 96 90 0 90 0 90 0 0 0 100 100 0 86 90 90 96 98 
59 0 84 100 100 0 84 0 96 0 0 94 96 0 100 0 88 0 0 94 88 0 88 100 88 0 0 0 98 98 0 84 88 88 94 96 98 
60 0 82 98 98 0 82 0 94 0 0 92 94 0 98 0 86 0 0 92 86 0 86 98 86 0 0 0 96 96 0 82 86 86 92 94 96 98 98 
61 0 80 96 96 0 80 0 92 100 0 90 92 0 96 100 84 0 0 90 84 0 84 96 84 0 0 0 94 94 0 80 84 84 90 92 94 96 96 
62 0 78 94 94 0 78 0 90 98 0 88 90 0 94 98 82 0 0 88 82 0 82 94 82 0 0 0 92 92 0 78 82 82 88 90 92 94 94 98 
63 100 76 92 92 0 76 0 88 96 0 86 88 0 92 96 80 0 0 86 80 0 80 92 80 0 100 0 90 90 0 76 80 80 86 88 90 92 92 96 
64 98 74 90 90 0 74 0 86 94 0 84 86 0 90 94 78 0 0 84 78 0 78 90 78 0 98 0 88 88 0 74 78 78 84 86 88 90 90 94 98 
65 96 72 88 88 0 72 0 84 92 0 82 84 0 88 92 76 0 0 82 76 0 76 88 76 0 96 0 86 86 0 72 76 76 82 84 86 88 88 92 96 
66 94 70 86 86 0 70 0 82 90 0 80 82 0 86 90 74 0 0 80 74 0 74 86 74 0 94 0 84 84 0 70 74 74 80 82 84 86 86 90 94 
67 92 68 84 84 0 68 0 80 88 0 78 80 0 84 88 72 0 0 78 72 0 72 84 72 0 92 0 82 82 0 68 72 72 78 80 82 84 84 88 92 
68 90 66 82 82 0 66 0 78 86 0 76 78 0 82 86 70 0 0 76 70 0 70 82 70 0 90 0 80 80 0 66 70 70 76 78 80 82 82 86 90 
69 88 64 80 80 0 64 0 76 84 0 74 76 0 80 84 68 0 0 74 68 0 68 80 68 0 88 0 78 78 0 64 68 68 74 76 78 80 80 84 88 
70 86 62 78 78 0 62 0 74 82 0 72 74 0 78 82 66 0 0 72 66 0 66 78 66 0 86 0 76 76 0 62 66 66 72 74 76 78 78 82 86 
71 84 60 76 76 0 60 0 72 80 0 70 72 0 76 80 64 0 0 70 64 0 64 76 64 0 84 0 74 74 0 60 64 64 70 72 74 76 76 80 84 
72 82 58 74 74 0 58 0 70 78 0 68 70 0 74 78 62 0 0 68 62 0 62 74 62 0 82 0 72 72 0 58 62 62 68 70 72 74 74 78 82 
73 80 56 72 72 0 56 0 68 76 0 66 68 0 72 76 60 0 0 66 60 0 60 72 60 0 80 0 70 70 0 56 60 60 66 68 70 72 72 76 80 
74 78 54 70 70 0 54 0 66 74 0 64 66 0 70 74 58 0 0 64 58 0 58 70 58 0 78 0 68 68 0 54 58 58 64 66 68 70 70 74 78 
75 76 52 68 68 0 52 0 64 72 0 62 64 0 68 72 56 0 0 62 56 0 56 68 56 0 76 0 66 66 0 52 56 56 62 64 66 68 68 72 76 
76 74 50 66 66 0 50 0 62 70 0 60 62 0 66 70 54 0 0 60 54 0 54 66 54 0 74 0 64 64 0 50 54 54 60 62 64 66 66 70 74 
77 72 48 64 64 0 48 0 60 68 0 58 60 0 64 68 52 0 0 58 52 0 52 64 52 0 72 0 62 62 0 48 52 52 58 60 62 64 64 68 72 
78 70 46 62 62 0 46 0 58 66 0 56 58 0 62 66 50 0 0 56 50 0 50 62 50 0 70 0 60 60 0 46 50 50 56 58 60 62 62 66 70 
79 68 44 60 60 0 44 0 56 64 0 54 56 0 60 64 48 0 0 54 48 0 48 60 48 0 68 0 58 58 0 44 48 48 54 56 58 60 60 64 68 
80 66 42 58 58 0 42 0 54 62 0 52 54 0 58 62 46 0 0 52 46 0 46 58 46 0 66 0 56 56 0 42 46 46 52 54 56 58 58 62 66 
81 64 40 56 56 0 40 0 52 60 0 50 52 0 56 60 44 0 0 50 44 0 44 56 44 0 64 0 54 54 0 40 44 44 50 52 54 56 56 60 64 
82 62 38 54 54 0 38 0 50 58 0 48 50 0 54 58 42 0 0 48 42 0 42 54 42 0 62 0 52 52 0 38 42 42 48 50 52 54 54 58 62 
83 60 36 52 52 0 36 0 48 56 0 46 48 100 52 56 40 0 100 46 40 0 40 52 40 0 60 0 50 50 0 36 40 40 46 48 50 52 52 56 60 
84 58 34 50 50 0 34 0 46 54 0 44 46 98 50 54 38 0 98 44 38 0 38 50 38 0 58 0 48 48 0 34 38 38 44 46 48 50 50 54 58 98 
85 56 32 48 48 0 32 0 44 52 0 42 44 96 48 52 36 0 96 42 36 0 36 48 36 0 56 0 46 46 0 32 36 36 42 44 46 48 48 52 56 96 
86 54 30 46 46 0 30 0 42 50 0 40 42 94 46 50 34 0 94 40 34 0 34 46 34 0 54 0 44 44 0 30 34 34 40 42 44 46 46 50 54 94 
87 52 28 44 44 0 28 0 40 48 0 38 40 92 44 48 32 0 92 38 32 0 32 44 32 0 52 0 42 42 0 28 32 32 38 40 42 44 44 48 52 92 
88 50 26 42 42 0 26 0 38 46 0 36 38 90 42 46 30 0 90 36 30 0 30 42 30 0 50 0 40 40 0 26 30 30 36 38 40 42 42 46 50 90 
89 48 24 40 40 0 24 0 36 44 0 34 36 88 40 44 28 0 88 34 28 0 28 40 28 0 48 0 38 38 0 24 28 28 34 36 38 40 40 44 48 88 
90 46 22 38 38 0 22 0 34 42 0 32 34 86 38 42 26 0 86 32 26 0 26 38 26 0 46 0 36 36 0 22 26 26 32 34 36 38 38 42 46 86 
91 44 20 36 36 0 20 0 32 40 0 30 32 84 36 40 24 0 84 30 24 0 24 36 24 0 44 0 34 34 0 20 24 24 30 32 34 36 36 40 44 84 
92 42 18 34 34 0 18 0 30 38 0 28 30 82 34 38 22 0 82 28 22 0 22 34 22 0 42 0 32 32 0 18 22 22 28 30 32 34 34 38 42 82 
93 40 16 32 32 0 16 0 28 36 0 26 28 80 32 36 20 0 80 26 20 0 20 32 20 0 40 0 30 30 0 16 20 20 26 28 30 32 32 36 40 80 
94 38 14 30 30 0 14 0 26 34 0 24 26 78 30 34 18 0 78 24 18 0 18 30 18 0 38 0 28 28 0 14 18 18 24 26 28 30 30 34 38 78 
95 36 12 28 28 0 12 0 24 32 0 22 24 76 28 32 16 0 76 22 16 0 16 28 16 0 36 0 26 26 0 12 16 16 22 24 26 28 28 32 36 76 
96 34 10 26 26 0 10 0 22 30 0 20 22 74 26 30 14 0 74 20 14 0 14 26 14 0 34 0 24 24 0 10 14 14 20 22 24 26 26 30 34 74 
97 32 8 24 24 0 8 0 20 28 0 18 20 72 24 28 12 0 72 18 12 0 12 24 12 0 32 0 22 22 0 8 12 12 18 20 22 24 24 28 32 72 
98 30 6 22 22 0 6 0 18 26 0 16 18 70 22 26 10 0 70 16 10 0 10 22 10 0 30 0 20 20 0 6 10 10 16 18 20 22 22 26 30 70 
99 28 4 20 20 0 4 0 16 24 0 14 16 68 20 24 8 0 68 14 8 0 8 20 8 0 28 0 18 18 0 4 8 8 14 16 18 20 20 24 28 68 
100 26 2 18 18 2 0 14 22 0 12 14 66 18 22 66 12 0 18 6 0 26 16 16 2 6 6 12 14 16 18 18 22 26 66 
101 24 0 16 16 0 0 12 20 0 10 12 64 16 20 64 10 0 16 4 0 24 14 14 0 4 4 10 12 14 16 16 20 24 64 
102 22 0 14 14 0 0 10 18 0 8 10 62 14 18 62 8 0 14 2 0 22 12 12 0 2 2 8 10 12 14 14 18 22 62 
103 20 0 12 12 0 0 8 16 0 6 8 60 12 16 60 6 0 12 0 0 20 10 10 0 0 0 6 8 10 12 12 16 20 60 
104 18 0 10 10 0 0 6 14 0 4 6 58 10 14 58 4 0 10 0 0 18 8 8 0 0 0 4 6 8 10 10 14 18 58 
105 16 0 8 8 100 100 4 12 0 2 4 56 8 12 56 2 0 8 0 0 16 6 6 0 0 0 2 4 6 8 8 12 16 56 
106 14 0 6 6 98 98 2 10 0 0 2 54 6 10 54 0 0 6 0 0 14 4 4 0 0 0 0 2 4 6 6 10 14 54 98 
107 12 0 4 4 96 96 0 8 0 0 0 52 4 8 52 0 0 4 0 0 12 2 2 0 0 0 0 0 2 4 4 8 12 52 96 
108 10 0 2 2 94 94 100 6 0 0 100 50 2 6 50 0 100 2 100 0 10 0 0 0 0 0 0 0 0 2 2 6 10 50 94 
109 8 0 0 0 92 92 98 4 0 0 98 48 0 4 48 0 98 0 98 0 8 0 0 0 0 0 0 0 0 0 0 4 8 48 92 98 98 
110 6 0 0 0 90 90 96 2 0 0 96 46 100 2 46 0 96 100 96 0 6 0 0 0 0 0 0 0 0 0 0 2 6 46 90 96 96 
111 4 0 0 0 88 88 94 0 0 0 94 44 98 0 44 0 94 98 94 0 4 0 0 0 0 0 0 0 0 0 0 0 4 44 88 94 94 98 
112 2 0 0 0 86 86 92 0 0 0 92 42 96 0 42 0 92 96 92 0 2 0 0 0 0 0 0 0 0 0 0 0 2 42 86 92 92 96 
113 0 0 0 100 84 84 90 0 0 100 90 40 94 0 40 100 90 94 90 0 0 100 0 0 0 0 0 0 0 0 0 0 0 40 84 90 90 94 
114 0 0 0 98 82 82 88 0 0 98 88 38 92 0 38 98 88 92 88 0 0 98 0 0 0 0 0 0 0 0 0 0 0 38 82 88 88 92 98 98 
115 0 0 0 96 80 80 86 100 0 96 86 36 90 0 36 96 86 90 86 0 0 96 0 100 0 0 0 0 0 0 0 0 0 36 80 86 86 90 96 96 
116 0 0 0 94 78 78 84 98 0 94 84 34 88 0 34 94 84 88 84 0 0 94 0 98 0 0 0 0 0 0 0 0 0 34 78 84 84 88 94 94 98 
117 0 0 0 92 76 76 82 96 0 92 82 32 86 0 32 92 82 86 82 0 0 92 0 96 0 0 0 0 0 0 0 0 0 32 76 82 82 86 92 92 96 
118 0 0 0 90 74 74 80 94 0 90 80 30 84 0 30 90 80 84 80 0 0 90 0 94 0 0 0 0 0 0 0 0 0 30 74 80 80 84 90 90 94 
119 0 0 0 88 72 72 78 92 0 88 78 28 82 0 28 88 78 82 78 0 0 88 0 92 0 0 0 0 0 0 0 0 0 28 72 78 78 82 88 88 92 
120 0 0 0 86 70 70 76 90 0 86 76 26 80 0 26 86 76 80 76 0 0 86 0 90 0 0 0 0 0 0 0 0 0 26 70 76 76 80 86 86 90 
121 0 0 0 84 68 68 74 88 0 84 74 24 78 0 24 84 74 78 74 0 0 84 0 88 0 0 0 0 0 0 0 0 0 24 68 74 74 78 84 84 88 
122 0 0 0 82 66 66 72 86 0 82 72 22 76 0 22 82 72 76 72 0 0 82 0 86 0 0 0 0 0 0 0 0 0 22 66 72 72 76 82 82 86 
123 0 0 0 80 64 64 70 84 0 80 70 20 74 0 20 80 70 74 70 0 0 80 0 84 0 0 0 0 0 0 0 0 0 20 64 70 70 74 80 80 84 
124 0 0 0 78 62 62 68 82 0 78 68 18 72 0 18 78 68 72 68 0 0 78 0 82 0 0 0 0 0 0 0 0 0 18 62 68 68 72 78 78 82 
125 0 0 0 76 60 60 66 80 0 76 66 16 70 0 16 76 66 70 66 0 0 76 0 80 0 0 0 0 0 0 0 0 0 16 60 66 66 70 76 76 80 
126 0 0 0 74 58 58 64 78 0 74 64 14 68 0 14 74 64 68 64 0 0 74 0 78 0 0 0 0 0 0 0 0 0 14 58 64 64 68 74 74 78 
127 0 0 0 72 56 56 62 76 0 72 62 12 66 0 12 72 62 66 62 0 0 72 0 76 0 0 0 0 0 0 0 0 0 12 56 62 62 66 72 72 76 
128 0 0 0 70 54 54 60 74 0 70 60 10 64 0 10 70 60 64 60 0 0 70 0 74 0 0 0 0 0 0 0 0 0 10 54 60 60 64 70 70 74 
129 0 0 0 68 52 52 58 72 0 68 58 8 62 0 8 68 58 62 58 0 0 68 0 72 0 0 0 0 0 0 0 0 0 8 52 58 58 62 68 68 72 
130 0 0 0 66 50 50 56 70 0 66 56 6 60 0 6 66 56 60 56 0 0 66 0 70 0 0 0 0 0 0 0 0 0 6 50 56 56 60 66 66 70 
131 0 0 0 64 48 48 54 68 0 64 54 4 58 0 4 64 54 58 54 0 0 64 0 68 0 0 0 0 0 0 0 0 0 4 48 54 54 58 64 64 68 
132 0 0 0 62 46 46 52 66 0 62 52 2 56 0 2 62 52 56 52 0 0 62 0 66 0 0 0 0 0 0 0 0 0 2 46 52 52 56 62 62 66 
133 0 0 0 60 44 44 50 64 0 60 50 0 54 0 0 60 50 54 50 0 0 60 0 64 0 0 0 0 0 0 0 0 0 0 44 50 50 54 60 60 64 
134 0 0 0 58 42 42 48 62 0 58 48 0 52 0 100 58 48 52 48 100 0 58 0 62 0 0 0 0 0 0 0 0 0 0 42 48 48 52 58 58 62 
135 0 0 0 56 40 40 46 60 0 56 46 0 50 0 98 56 46 50 46 98 0 56 0 60 0 0 0 0 0 0 0 0 0 0 40 46 46 50 56 56 60 98 
136 0 0 0 54 38 38 44 58 0 54 44 0 48 0 96 54 44 48 44 96 0 54 0 58 0 0 0 0 0 0 0 0 0 0 38 44 44 48 54 54 58 96 
137 0 0 0 52 36 36 42 56 0 52 42 0 46 0 94 52 42 46 42 94 0 52 0 56 0 0 0 0 0 0 0 0 0 0 36 42 42 46 52 52 56 94 
138 0 0 0 50 34 34 40 54 0 50 40 0 44 0 92 50 40 44 40 92 0 50 0 54 0 0 0 0 0 0 0 0 0 0 34 40 40 44 50 50 54 92 
139 100 0 0 48 32 32 38 52 0 48 38 100 42 0 90 48 38 42 38 90 0 48 0 52 0 0 0 0 0 0 0 0 0 0 32 38 38 42 48 48 52 90 
140 98 0 0 46 30 30 36 50 0 46 36 98 40 0 88 46 36 40 36 88 0 46 0 50 0 0 0 0 0 0 0 0 0 0 30 36 36 40 46 46 50 88 98 
141 96 0 0 44 28 28 34 48 0 44 34 96 38 0 86 44 34 38 34 86 0 44 0 48 0 0 0 0 0 0 0 0 0 0 28 34 34 38 44 44 48 86 96 
142 94 0 0 42 26 26 32 46 0 42 32 94 36 0 84 42 32 36 32 84 0 42 0 46 0 0 0 0 0 0 0 0 0 0 26 32 32 36 42 42 46 84 94 
143 92 0 0 40 24 24 30 44 0 40 30 92 34 0 82 40 30 34 30 82 0 40 0 44 0 0 0 0 0 0 0 0 0 0 24 30 30 34 40 40 44 82 92 
144 90 0 0 38 22 22 28 42 0 38 28 90 32 0 80 38 28 32 28 80 0 38 0 42 0 0 0 0 0 0 0 0 0 0 22 28 28 32 38 38 42 80 90 
145 88 0 0 36 20 20 26 40 0 36 26 88 30 0 78 36 26 30 26 78 0 36 0 40 0 0 0 0 0 0 0 0 0 0 20 26 26 30 36 36 40 78 88 
146 86 0 0 34 18 18 24 38 0 34 24 86 28 0 76 34 24 28 24 76 0 34 100 38 100 0 0 0 0 0 0 0 0 0 18 24 24 28 34 34 38 76 86 
147 84 0 0 32 16 16 22 36 0 32 22 84 26 0 74 32 22 26 22 74 0 32 98 36 98 0 0 0 0 0 0 0 0 0 16 22 22 26 32 32 36 74 84 98 
148 82 0 0 30 14 14 20 34 0 30 20 82 24 0 72 30 20 24 20 72 0 30 96 34 96 0 0 0 0 0 0 0 0 0 14 20 20 24 30 30 34 72 82 96 
149 80 0 0 28 12 12 18 32 0 28 18 80 22 0 70 28 18 22 18 70 0 28 94 32 94 0 0 0 0 0 0 0 0 0 12 18 18 22 28 28 32 70 80 94 
150 78 0 0 26 10 10 16 30 0 26 16 78 20 0 68 26 16 20 16 68 0 26 92 30 92 0 0 0 0 0 0 0 0 0 10 16 16 20 26 26 30 68 78 92 
151 76 0 0 24 8 8 14 28 0 24 14 76 18 0 66 24 14 18 14 66 0 24 90 28 90 0 0 0 0 0 0 0 0 0 8 14 14 18 24 24 28 66 76 90 
152 74 0 0 22 6 6 12 26 0 22 12 74 16 0 64 22 12 16 12 64 0 22 88 26 88 0 0 0 0 0 0 0 0 0 6 12 12 16 22 22 26 64 74 88 
153 72 0 0 20 4 4 10 24 0 20 10 72 14 0 62 20 10 14 10 62 0 20 86 24 86 0 0 0 0 0 0 0 0 0 4 10 10 14 20 20 24 62 72 86 
154 70 0 0 18 2 2 8 22 0 18 8 70 12 0 60 18 8 12 8 60 0 18 84 22 84 0 0 0 0 0 0 0 0 0 2 8 8 12 18 18 22 60 70 84 
155 68 0 0 16 0 0 6 20 0 16 6 68 10 0 58 16 6 10 6 58 0 16 82 20 82 0 0 0 0 0 0 0 0 0 0 6 6 10 16 16 20 58 68 82 
156 66 0 0 14 0 0 4 18 0 14 4 66 8 0 56 14 4 8 4 56 0 14 80 18 80 0 0 0 0 0 0 0 0 0 0 4 4 8 14 14 18 56 66 80 
157 64 0 0 12 0 0 2 16 0 12 2 64 6 0 54 12 2 6 2 54 0 12 78 16 78 0 0 0 0 0 0 0 0 0 0 2 2 6 12 12 16 54 64 78 
158 62 0 0 10 0 0 0 14 0 10 0 62 4 0 52 10 0 4 0 52 0 10 76 14 76 0 0 0 0 0 0 0 0 0 0 0 0 4 10 10 14 52 62 76 
159 60 0 0 8 0 0 0 12 0 8 0 60 2 0 50 8 0 2 0 50 0 8 74 12 74 0 0 0 0 0 0 0 0 0 0 0 0 2 8 8 12 50 60 74 
160 58 0 0 0 10 0 58 100 0 48 6 100 0 48 6 72 10 72 0 0 0 0 0 0 0 0 0 0 0 0 0 6 6 10 48 58 72 
161 56 0 0 0 8 0 56 98 0 46 4 98 0 46 4 70 8 70 0 0 0 0 0 0 0 0 0 0 0 0 0 4 4 8 46 56 70 98 
162 54 0 0 0 6 0 54 96 0 44 2 96 0 44 2 68 6 68 0 0 0 0 0 0 0 0 0 0 0 0 0 2 2 6 44 54 68 96 
163 52 0 0 0 4 0 52 94 0 42 0 94 0 42 0 66 4 66 0 0 0 0 0 0 0 0 0 0 0 0 0 0 0 4 42 52 66 94 
164 50 0 0 0 2 0 50 92 0 40 0 92 0 40 0 64 2 64 0 0 0 0 0 0 0 0 0 0 0 0 0 0 0 2 40 50 64 92 
165 48 0 0 0 0 0 48 90 0 38 0 90 0 38 0 62 0 62 0 0 0 0 0 0 0 0 0 0 0 0 0 0 0 0 38 48 62 90 
166 46 0 0 0 0 0 46 88 0 36 0 88 0 36 0 60 0 60 0 0 0 0 0 0 0 0 0 0 0 0 0 0 0 0 36 46 60 88 
167 44 0 0 0 0 0 44 86 0 34 0 86 0 34 0 58 0 58 0 0 0 0 0 0 0 0 0 0 0 0 0 0 0 0 34 44 58 86 
168 42 0 0 0 0 0 42 84 0 32 0 84 0 32 0 56 0 56 0 0 0 0 0 0 0 0 0 0 0 0 0 0 0 0 32 42 56 84 
169 40 0 0 0 0 0 40 82 0 30 0 82 0 30 0 54 0 54 0 0 0 0 0 0 0 0 0 0 0 0 0 0 0 0 30 40 54 82 
170 38 0 0 0 0 0 38 80 0 28 0 80 0 28 0 52 0 52 0 0 0 0 0 0 0 0 0 0 0 0 0 0 0 0 28 38 52 80 
171 36 0 0 0 0 0 36 78 0 26 0 78 0 26 0 50 0 50 0 0 0 0 0 0 0 0 0 0 0 0 0 0 0 0 26 36 50 78 
172 34 0 0 0 0 0 34 76 0 24 0 76 0 24 0 48 0 48 0 0 0 0 0 0 0 0 0 0 0 0 0 0 0 0 24 34 48 76 
173 32 0 0 100 0 0 32 74 0 22 0 74 100 22 0 46 0 46 0 0 0 0 0 0 0 0 0 0 0 0 0 0 0 0 22 32 46 74 
174 30 0 0 98 0 0 30 72 0 20 0 72 98 20 0 44 0 44 0 0 0 0 0 0 0 0 0 0 0 0 0 0 0 0 20 30 44 72 98 
175 28 0 0 96 0 0 28 70 0 18 0 70 96 18 0 42 0 42 0 0 0 0 0 0 0 0 0 0 0 0 0 0 0 0 18 28 42 70 96 
176 26 0 0 94 0 0 26 68 0 16 0 68 94 16 0 40 0 40 0 0 0 0 0 0 0 0 0 0 0 0 0 0 0 0 16 26 40 68 94 
177 24 0 0 92 0 0 24 66 0 14 0 66 92 14 0 38 0 38 0 0 0 0 0 0 0 0 0 0 0 0 0 0 0 0 14 24 38 66 92 
178 22 0 0 90 0 0 22 64 0 12 0 64 90 12 0 36 0 36 0 0 0 0 0 0 0 0 0 0 0 0 0 0 0 0 12 22 36 64 90 
179 20 0 0 88 0 0 20 62 0 10 0 62 88 10 0 34 0 34 0 0 0 0 0 0 0 0 0 0 0 0 0 0 0 0 10 20 34 62 88 
180 18 0 0 86 0 0 18 60 0 8 0 60 86 8 0 32 0 32 0 0 0 0 0 0 0 0 0 0 0 0 0 0 0 0 8 18 32 60 86 
181 16 0 0 84 0 100 16 58 0 6 100 58 84 6 0 30 0 30 0 0 0 0 0 0 0 0 0 0 0 0 0 0 0 0 6 16 30 58 84 
182 14 0 0 82 0 98 14 56 0 4 98 56 82 4 0 28 0 28 0 0 0 0 0 0 0 0 0 0 0 0 0 0 0 0 4 14 28 56 82 98 
183 12 0 0 80 0 96 12 54 0 2 96 54 80 2 0 26 0 26 0 0 0 0 0 0 0 0 0 0 0 0 0 0 0 0 2 12 26 54 80 96 
184 10 0 0 78 0 94 10 52 0 0 94 52 78 0 0 24 0 24 0 0 0 0 0 0 0 0 0 0 0 0 0 0 0 0 0 10 24 52 78 94 
185 8 0 0 76 0 92 8 50 0 0 92 50 76 100 0 22 0 22 0 0 0 0 0 0 0 0 0 0 0 0 0 0 0 0 100 8 22 50 76 92 
186 6 0 0 74 0 90 6 48 0 0 90 48 74 98 0 20 0 20 0 0 0 0 0 0 0 0 0 0 0 0 0 0 0 0 98 6 20 48 74 90 98 
187 4 0 0 72 0 88 4 46 0 0 88 46 72 96 0 18 0 18 0 0 0 0 0 0 0 0 0 0 0 0 0 0 0 0 96 4 18 46 72 88 96 
188 2 0 0 70 0 86 2 44 0 0 86 44 70 94 0 16 0 16 0 0 0 0 0 0 0 0 0 0 0 0 0 0 0 0 94 2 16 44 70 86 94 
189 100 0 0 68 0 84 100 42 0 0 84 42 68 92 0 14 0 14 0 0 0 0 0 0 0 0 0 0 0 0 0 0 0 0 92 0 14 42 68 84 92 
190 98 0 0 66 0 82 98 40 0 0 82 40 66 90 0 12 0 12 0 0 0 0 0 0 0 0 0 0 0 0 0 0 0 0 90 0 12 40 66 82 90 98 
191 96 0 0 64 0 80 96 38 0 0 80 38 64 88 0 10 0 10 0 0 0 0 0 0 0 0 0 0 0 0 0 0 0 0 88 0 10 38 64 80 88 96 
192 94 0 0 62 0 78 94 36 0 0 78 36 62 86 100 8 0 8 0 0 0 0 0 0 0 0 0 0 0 0 0 0 100 0 86 0 8 36 62 78 86 94 
193 92 0 0 60 0 76 92 34 0 0 76 34 60 84 98 6 0 6 0 0 0 0 0 0 0 0 0 0 0 0 0 0 98 0 84 0 6 34 60 76 84 92 98 
194 90 0 0 58 0 74 90 32 0 0 74 32 58 82 96 4 0 4 0 0 0 0 0 0 0 0 0 0 0 0 0 0 96 0 82 0 4 32 58 74 82 90 96 
195 88 0 100 56 100 72 88 30 0 0 72 30 56 80 94 2 0 2 0 0 0 0 0 0 0 0 0 0 0 0 0 0 94 0 80 0 2 30 56 72 80 88 94 
196 86 0 98 54 98 70 86 28 100 0 70 28 54 78 92 0 0 0 100 0 0 0 0 0 0 0 0 0 0 0 0 0 92 0 78 0 0 28 54 70 78 86 92 98 
197 84 0 96 52 96 68 84 26 98 0 68 26 52 76 90 0 0 0 98 0 0 0 0 0 0 0 0 0 0 0 0 0 90 0 76 0 0 26 52 68 76 84 90 96 98 
198 82 0 94 50 94 66 82 24 96 0 66 24 50 74 88 100 0 0 96 0 0 0 0 0 0 0 0 0 0 0 100 0 88 0 74 0 0 24 50 66 74 82 88 94 96 
199 80 0 92 48 92 64 80 22 94 0 64 22 48 72 86 98 0 0 94 0 0 0 0 0 0 0 0 0 0 0 98 0 86 0 72 0 0 22 48 64 72 80 86 92 94 98 
200 78 0 90 46 90 62 78 20 92 0 62 20 46 70 84 96 0 0 92 0 0 0 0 0 0 0 0 0 0 0 96 0 84 0 70 0 0 20 46 62 70 78 84 90 92 96 
201 76 0 88 44 88 60 76 18 90 0 60 18 44 68 82 94 0 0 90 0 0 0 0 0 0 0 0 0 0 0 94 0 82 0 68 0 0 18 44 60 68 76 82 88 90 94 
202 74 0 86 42 86 58 74 16 88 0 58 16 42 66 80 92 0 0 88 0 0 0 0 0 0 0 0 0 0 0 92 0 80 0 66 0 0 16 42 58 66 74 80 86 88 92 
203 72 0 84 84 56 72 14 86 0 56 14 40 64 78 90 0 0 86 0 0 0 0 0 0 0 0 0 0 0 90 0 78 0 64 0 0 14 40 56 64 72 78 84 86 90 
204 70 0 82 82 54 70 12 84 0 54 12 38 62 76 88 0 0 84 0 0 0 0 0 0 0 0 0 0 0 88 0 76 0 62 0 0 12 38 54 62 70 76 82 84 88 
205 68 0 80 80 52 68 10 82 0 52 10 36 60 74 86 0 0 82 0 0 0 0 0 0 0 0 0 0 0 86 0 74 0 60 0 0 10 36 52 60 68 74 80 82 86 
206 66 0 78 78 50 66 8 80 0 50 8 34 58 72 84 0 0 80 0 0 0 0 0 0 0 0 0 0 0 84 0 72 0 58 0 0 8 34 50 58 66 72 78 80 84 
207 64 0 76 76 48 64 6 78 0 48 6 32 56 70 82 0 0 78 0 0 0 0 0 0 0 0 0 0 0 82 0 70 0 56 0 0 6 32 48 56 64 70 76 78 82 
208 62 0 74 74 46 62 4 76 0 46 4 30 54 68 80 0 0 76 0 0 0 0 0 0 0 0 0 0 0 80 0 68 0 54 0 0 4 30 46 54 62 68 74 76 80 
209 60 0 72 72 44 60 2 74 0 44 2 28 52 66 78 0 0 74 0 0 0 0 0 0 0 0 0 0 0 78 0 66 0 52 0 0 2 28 44 52 60 66 72 74 78 
210 58 0 70 70 42 58 0 72 0 42 0 26 50 64 76 0 0 72 0 0 0 0 0 0 0 0 0 0 0 76 0 64 0 50 0 0 0 26 42 50 58 64 70 72 76 
211 56 100 68 68 40 56 100 70 0 40 0 24 48 62 74 0 0 70 0 0 0 0 0 0 0 0 0 0 0 74 0 62 0 48 0 0 0 24 40 48 56 62 68 70 74 
212 54 66 66 38 54 98 68 0 38 0 22 46 60 72 0 0 68 0 0 0 0 0 0 0 0 0 0 0 72 0 60 0 46 0 0 0 22 38 46 54 60 66 68 72 98 
213 52 64 64 36 52 96 66 0 36 0 20 44 58 70 0 0 66 0 0 0 0 0 0 0 0 0 0 0 70 0 58 0 44 0 0 0 20 36 44 52 58 64 66 70 96 
214 50 62 62 34 50 94 64 0 34 0 18 42 56 68 0 0 64 0 0 0 0 0 0 0 0 0 0 0 68 0 56 0 42 0 0 0 18 34 42 50 56 62 64 68 94 
215 48 60 60 32 48 92 62 32 0 16 40 54 66 0 0 62 0 0 0 0 0 0 0 0 0 0 0 66 0 54 0 40 0 0 0 16 32 40 48 54 60 62 66 92 
216 46 58 58 30 46 90 60 30 0 14 38 52 64 0 0 60 0 0 0 0 0 0 0 0 0 0 0 64 0 52 0 38 0 0 0 14 30 38 46 52 58 60 64 90 
217 44 56 56 28 44 88 58 28 0 12 36 50 62 0 0 58 0 0 0 0 0 0 0 0 0 0 0 62 0 50 0 36 0 0 0 12 28 36 44 50 56 58 62 88 
218 42 54 54 26 42 86 56 26 0 10 34 48 60 0 0 56 0 0 0 0 0 0 0 0 0 0 0 60 0 48 0 34 0 0 0 10 26 34 42 48 54 56 60 86 
219 40 52 52 24 40 84 54 24 0 8 32 46 58 0 0 54 0 0 0 0 0 0 0 0 0 0 0 58 0 46 0 32 0 0 0 8 24 32 40 46 52 54 58 84 
220 38 50 50 22 38 82 52 22 0 6 30 44 56 0 0 52 0 0 0 0 0 0 0 0 0 0 0 56 0 44 0 30 0 0 0 6 22 30 38 44 50 52 56 82 
221 36 48 48 20 36 80 50 20 0 4 28 42 54 0 0 50 0 0 0 0 0 0 0 0 0 0 0 54 0 42 0 28 0 0 0 4 20 28 36 42 48 50 54 80 
222 34 46 46 18 34 78 48 18 0 2 26 40 52 0 0 48 0 0 0 0 0 0 0 0 0 0 0 52 0 40 0 26 0 0 0 2 18 26 34 40 46 48 52 78 
223 32 44 44 16 32 76 46 16 0 0 24 38 50 0 0 46 0 0 0 0 0 0 0 0 0 0 0 50 0 38 0 24 0 0 0 0 16 24 32 38 44 46 50 76 
224 30 42 42 14 30 74 44 14 0 0 22 36 48 0 0 44 0 0 0 0 0 0 0 0 0 0 0 48 0 36 0 22 0 0 0 0 14 22 30 36 42 44 48 74 
225 28 40 40 12 28 72 42 12 0 0 20 34 46 0 0 42 0 0 0 0 0 0 0 0 0 0 0 46 0 34 0 20 0 0 0 0 12 20 28 34 40 42 46 72 
226 26 38 38 10 26 70 40 10 0 0 18 32 44 0 0 40 0 0 0 0 0 0 0 0 0 0 0 44 0 32 0 18 0 0 0 0 10 18 26 32 38 40 44 70 
227 24 36 36 8 24 68 38 8 0 0 16 30 42 0 0 38 0 0 0 0 0 0 0 0 0 0 0 42 0 30 0 16 0 0 0 0 8 16 24 30 36 38 42 68 
228 22 34 34 6 22 66 36 6 0 0 14 28 40 0 0 36 0 0 0 0 0 0 0 0 0 0 0 40 0 28 0 14 0 0 0 0 6 14 22 28 34 36 40 66 
229 20 32 32 4 20 64 34 4 0 0 12 26 38 0 0 34 0 0 0 0 0 0 0 0 0 0 0 38 0 26 0 12 0 0 0 0 4 12 20 26 32 34 38 64 
