0 49.5 49.5 49.5 49.5 49.5 49.5 49.5 49.5 49.5 49.5 49.5 49.5 49.5 49.5 49.5 49.5 49.5 49.5 49.5 49.5 49.5 49.5 49.5 49.5 49.5 49.5 49.5 49.5 49.5 49.5 
1 49 49 49 49 49 49 49 49 49 49 49 49 49 49 49 49 49 49 49 49 49 49 49 49 49 49 49 49 49 49 
2 48.5 48.5 48.5 48.5 48.5 48.5 48.5 100 48.5 48.5 48.5 48.5 48.5 48.5 48.5 48.5 48.5 48.5 48.5 48.5 48.5 48.5 48.5 48.5 48.5 48.5 48.5 48.5 48.5 48.5 
3 48 48 48 48 48 48 48 99.5 48 48 48 48 48 48 48 48 48 48 48 48 48 48 48 48 48 48 48 48 48 48 
4 47.5 47.5 47.5 47.5 47.5 47.5 47.5 99 47.5 47.5 47.5 47.5 47.5 47.5 47.5 47.5 47.5 47.5 47.5 47.5 47.5 47.5 47.5 47.5 47.5 47.5 47.5 47.5 47.5 47.5 
5 47 47 47 47 47 47 47 98.5 100 47 47 47 47 47 47 47 47 47 47 47 47 47 47 47 47 47 47 47 47 47 
6 46.5 46.5 46.5 46.5 46.5 46.5 46.5 98 99.5 46.5 46.5 46.5 46.5 46.5 46.5 46.5 46.5 46.5 46.5 46.5 46.5 46.5 46.5 46.5 46.5 46.5 46.5 46.5 46.5 46.5 
7 46 46 46 46 46 46 46 97.5 99 46 46 100 46 46 46 46 46 46 46 46 46 46 46 46 46 46 46 46 46 46 
8 45.5 45.5 45.5 45.5 45.5 45.5 45.5 97 98.5 45.5 45.5 99.5 45.5 45.5 45.5 45.5 45.5 45.5 45.5 45.5 45.5 45.5 45.5 45.5 45.5 45.5 45.5 45.5 45.5 45.5 
9 45 45 45 45 45 45 45 96.5 98 45 45 99 45 45 45 45 45 45 45 45 45 45 45 45 45 45 45 100 45 45 
10 44.5 44.5 44.5 44.5 44.5 44.5 44.5 96 97.5 44.5 44.5 98.5 44.5 44.5 44.5 44.5 44.5 44.5 44.5 44.5 44.5 44.5 44.5 44.5 44.5 44.5 44.5 99.5 44.5 44.5 
11 44 44 44 44 44 100 44 95.5 97 44 44 98 44 44 44 44 44 44 44 44 44 44 44 44 100 44 44 99 44 44 
12 43.5 43.5 43.5 43.5 43.5 99.5 43.5 95 96.5 43.5 43.5 97.5 43.5 43.5 43.5 43.5 43.5 43.5 43.5 43.5 100 43.5 43.5 43.5 99.5 43.5 43.5 98.5 43.5 43.5 
13 43 43 43 43 43 99 43 94.5 96 43 43 97 43 43 43 43 43 43 43 43 99.5 43 43 43 99 43 43 98 43 43 
14 42.5 42.5 42.5 42.5 42.5 98.5 42.5 94 95.5 42.5 42.5 96.5 42.5 42.5 42.5 42.5 42.5 100 42.5 42.5 99 42.5 42.5 42.5 98.5 42.5 42.5 97.5 42.5 42.5 
15 42 42 42 100 42 98 42 93.5 95 42 42 96 42 42 42 42 42 99.5 42 42 98.5 42 42 42 98 42 42 97 42 42 
16 41.5 100 41.5 99.5 41.5 97.5 41.5 93 94.5 41.5 41.5 95.5 41.5 41.5 41.5 41.5 41.5 99 41.5 41.5 98 41.5 41.5 41.5 97.5 100 41.5 96.5 41.5 41.5 
17 41 99.5 41 99 41 97 41 92.5 94 41 41 95 41 41 41 41 41 98.5 41 41 97.5 41 41 41 97 99.5 41 96 41 41 
18 40.5 99 40.5 98.5 40.5 96.5 40.5 92 93.5 40.5 40.5 94.5 40.5 40.5 40.5 40.5 40.5 98 40.5 40.5 97 40.5 40.5 40.5 96.5 99 40.5 95.5 40.5 40.5 
19 40 98.5 40 98 40 96 100 91.5 93 40 40 94 40 40 40 40 40 97.5 40 40 96.5 40 40 40 96 98.5 40 95 40 40 
20 39.5 98 39.5 97.5 39.5 95.5 99.5 91 92.5 39.5 39.5 93.5 100 39.5 39.5 39.5 39.5 97 39.5 39.5 96 39.5 39.5 39.5 95.5 98 39.5 94.5 39.5 39.5 
21 39 97.5 39 97 39 95 99 90.5 92 39 39 93 99.5 39 39 39 39 96.5 39 39 95.5 39 39 39 95 97.5 39 94 100 39 
22 38.5 97 38.5 96.5 38.5 94.5 98.5 90 91.5 38.5 38.5 92.5 99 38.5 38.5 38.5 38.5 96 38.5 38.5 95 38.5 38.5 38.5 94.5 97 38.5 93.5 99.5 38.5 
23 38 96.5 38 96 38 94 98 89.5 91 100 38 92 98.5 38 38 38 38 95.5 38 38 94.5 38 38 38 94 96.5 38 93 99 38 
24 37.5 96 100 95.5 37.5 93.5 97.5 89 90.5 99.5 37.5 91.5 98 37.5 37.5 37.5 37.5 95 37.5 37.5 94 37.5 37.5 37.5 93.5 96 37.5 92.5 98.5 37.5 
25 37 95.5 99.5 95 37 93 97 88.5 90 99 37 91 97.5 37 37 37 37 94.5 37 37 93.5 37 37 37 93 95.5 37 92 98 37 
26 36.5 95 99 94.5 36.5 92.5 96.5 88 89.5 98.5 36.5 90.5 97 36.5 36.5 36.5 36.5 94 36.5 36.5 93 36.5 36.5 36.5 92.5 95 36.5 91.5 97.5 36.5 
27 36 94.5 98.5 94 36 92 96 87.5 89 98 36 90 96.5 36 36 36 36 93.5 36 36 92.5 36 36 36 92 94.5 36 91 97 36 
28 35.5 94 98 93.5 35.5 91.5 95.5 87 88.5 97.5 35.5 89.5 96 35.5 35.5 35.5 35.5 93 35.5 35.5 92 35.5 35.5 35.5 91.5 94 35.5 90.5 96.5 35.5 
29 35 93.5 97.5 93 35 91 95 86.5 88 97 35 89 95.5 35 35 35 35 92.5 35 35 91.5 35 35 35 91 93.5 35 90 96 35 
30 34.5 93 97 92.5 34.5 90.5 94.5 86 87.5 96.5 34.5 88.5 95 34.5 34.5 34.5 34.5 92 34.5 34.5 91 34.5 34.5 34.5 90.5 93 34.5 89.5 95.5 34.5 
31 34 92.5 96.5 92 34 90 94 85.5 87 96 34 88 94.5 34 34 34 34 91.5 34 34 90.5 34 34 34 90 92.5 34 89 95 34 
32 33.5 92 96 91.5 33.5 89.5 93.5 85 86.5 95.5 33.5 87.5 94 33.5 33.5 33.5 33.5 91 100 33.5 90 33.5 33.5 33.5 89.5 92 33.5 88.5 94.5 33.5 
33 33 91.5 95.5 91 33 89 93 84.5 86 95 33 87 93.5 33 33 33 33 90.5 99.5 33 89.5 33 33 33 89 91.5 33 88 94 33 
34 32.5 91 95 90.5 32.5 88.5 92.5 84 85.5 94.5 32.5 86.5 93 32.5 32.5 32.5 32.5 90 99 32.5 89 32.5 32.5 32.5 88.5 91 32.5 87.5 93.5 32.5 
35 32 90.5 94.5 90 32 88 92 83.5 85 94 32 86 92.5 32 32 32 32 89.5 98.5 32 88.5 32 32 32 88 90.5 32 87 93 32 
36 31.5 90 94 89.5 31.5 87.5 91.5 83 84.5 93.5 31.5 85.5 92 31.5 31.5 31.5 31.5 89 98 31.5 88 31.5 31.5 31.5 87.5 90 31.5 86.5 92.5 31.5 
37 31 89.5 93.5 89 31 87 91 82.5 84 93 31 85 91.5 31 31 31 31 88.5 97.5 31 87.5 31 31 31 87 89.5 31 86 92 31 
38 30.5 89 93 88.5 30.5 86.5 90.5 82 83.5 92.5 30.5 84.5 91 30.5 30.5 30.5 30.5 88 97 30.5 87 30.5 30.5 30.5 86.5 89 30.5 85.5 91.5 30.5 
39 30 88.5 92.5 88 30 86 90 81.5 83 92 30 84 90.5 30 30 30 30 87.5 96.5 30 86.5 30 30 30 86 88.5 30 85 91 30 
40 29.5 88 92 87.5 29.5 85.5 89.5 81 82.5 91.5 29.5 83.5 90 29.5 29.5 29.5 29.5 87 96 29.5 86 29.5 29.5 29.5 85.5 88 29.5 84.5 90.5 29.5 
41 29 87.5 91.5 87 29 85 89 80.5 82 91 29 83 89.5 29 29 29 29 86.5 95.5 29 85.5 29 29 29 85 87.5 29 84 90 29 
42 28.5 87 91 86.5 28.5 84.5 88.5 80 81.5 90.5 28.5 82.5 89 28.5 28.5 28.5 28.5 86 95 28.5 85 28.5 28.5 28.5 84.5 87 28.5 83.5 89.5 28.5 
43 28 86.5 90.5 86 28 84 88 79.5 81 90 28 82 88.5 28 28 28 28 85.5 94.5 28 84.5 28 28 28 84 86.5 28 83 89 28 
44 27.5 86 90 85.5 27.5 83.5 87.5 79 80.5 89.5 27.5 81.5 88 27.5 27.5 27.5 27.5 85 94 27.5 84 27.5 27.5 27.5 83.5 86 27.5 82.5 88.5 27.5 
45 27 85.5 89.5 85 27 83 87 78.5 80 89 27 81 87.5 27 27 27 27 84.5 93.5 27 83.5 27 27 27 83 85.5 27 82 88 27 
46 26.5 85 89 84.5 26.5 82.5 86.5 78 79.5 88.5 26.5 80.5 87 26.5 26.5 26.5 26.5 84 93 26.5 83 26.5 26.5 26.5 82.5 85 26.5 81.5 87.5 26.5 
47 26 84.5 88.5 84 26 82 86 77.5 79 88 26 80 86.5 26 26 26 26 83.5 92.5 26 82.5 26 26 26 82 84.5 26 81 87 26 
48 25.5 84 88 83.5 25.5 81.5 85.5 77 78.5 87.5 25.5 79.5 86 25.5 25.5 25.5 25.5 83 92 25.5 82 25.5 25.5 25.5 81.5 84 25.5 80.5 86.5 25.5 
49 25 83.5 87.5 83 25 81 85 76.5 78 87 25 79 85.5 25 25 25 25 82.5 91.5 25 81.5 25 25 25 81 83.5 25 80 86 25 
50 24.5 83 87 82.5 24.5 80.5 84.5 76 77.5 86.5 24.5 78.5 85 24.5 24.5 24.5 24.5 82 91 24.5 81 24.5 24.5 24.5 80.5 83 24.5 79.5 85.5 24.5 
51 24 82.5 86.5 82 24 80 84 75.5 77 86 24 78 84.5 24 24 24 24 81.5 90.5 24 80.5 24 24 24 80 82.5 24 79 85 24 
52 23.5 82 86 81.5 23.5 79.5 83.5 75 76.5 85.5 23.5 77.5 84 23.5 23.5 23.5 23.5 81 90 23.5 80 23.5 23.5 23.5 79.5 82 23.5 78.5 84.5 23.5 99.5 
53 23 81.5 85.5 81 23 79 83 74.5 76 85 23 77 83.5 23 23 23 23 80.5 89.5 23 79.5 23 23 23 79 81.5 23 78 84 23 99 
54 22.5 81 85 80.5 22.5 78.5 82.5 74 75.5 84.5 22.5 76.5 83 22.5 22.5 22.5 22.5 80 89 22.5 79 22.5 22.5 22.5 78.5 81 22.5 77.5 83.5 22.5 98.5 99.5 99.5 
55 22 80.5 84.5 80 22 78 82 73.5 75 84 22 76 82.5 22 22 22 22 79.5 88.5 22 78.5 22 22 22 78 80.5 22 77 83 22 98 99 99 
56 21.5 80 84 79.5 21.5 77.5 81.5 73 74.5 83.5 21.5 75.5 82 21.5 21.5 21.5 21.5 79 88 21.5 78 21.5 21.5 21.5 77.5 80 21.5 76.5 82.5 21.5 97.5 98.5 98.5 
57 21 79.5 83.5 79 21 77 81 72.5 74 83 21 75 81.5 21 21 21 21 78.5 87.5 21 77.5 21 21 21 77 79.5 21 76 82 21 97 98 98 99.5 
58 20.5 79 83 78.5 20.5 76.5 80.5 72 73.5 82.5 20.5 74.5 81 20.5 20.5 20.5 20.5 78 87 20.5 77 20.5 20.5 20.5 76.5 79 20.5 75.5 81.5 20.5 96.5 97.5 97.5 99 99.5 
59 20 78.5 82.5 78 20 76 80 71.5 73 82 20 74 80.5 20 20 20 20 77.5 86.5 20 76.5 20 20 20 76 78.5 20 75 81 20 96 97 97 98.5 99 99.5 
60 19.5 78 82 77.5 19.5 75.5 79.5 71 72.5 81.5 19.5 73.5 80 19.5 19.5 19.5 19.5 77 86 19.5 76 19.5 19.5 19.5 75.5 78 19.5 74.5 80.5 19.5 95.5 96.5 96.5 98 98.5 99 99.5 99.5 
61 19 77.5 81.5 77 19 75 79 70.5 72 81 19 73 79.5 19 19 19 19 76.5 85.5 19 75.5 19 19 19 75 77.5 19 74 80 19 95 96 96 97.5 98 98.5 99 99 
62 18.5 77 81 76.5 18.5 74.5 78.5 70 71.5 80.5 18.5 72.5 79 18.5 18.5 18.5 18.5 76 85 18.5 75 18.5 18.5 18.5 74.5 77 18.5 73.5 79.5 18.5 94.5 95.5 95.5 97 97.5 98 98.5 98.5 99.5 
63 18 76.5 80.5 76 18 74 78 69.5 71 80 18 72 78.5 18 18 18 18 75.5 84.5 18 74.5 18 18 18 74 76.5 18 73 79 18 94 95 95 96.5 97 97.5 98 98 99 
64 17.5 76 80 75.5 17.5 73.5 77.5 69 70.5 79.5 17.5 71.5 78 17.5 17.5 17.5 17.5 75 84 17.5 74 17.5 17.5 17.5 73.5 76 17.5 72.5 78.5 17.5 93.5 94.5 94.5 96 96.5 97 97.5 97.5 98.5 99.5 
65 17 75.5 79.5 75 17 73 77 68.5 70 79 100 71 77.5 17 17 17 17 74.5 83.5 17 73.5 17 17 17 73 75.5 17 72 78 17 93 94 94 95.5 96 96.5 97 97 98 99 
66 16.5 75 79 74.5 16.5 72.5 76.5 68 69.5 78.5 99.5 70.5 77 16.5 16.5 16.5 16.5 74 83 16.5 73 16.5 16.5 16.5 72.5 75 16.5 100 77.5 16.5 92.5 93.5 93.5 95 95.5 96 96.5 96.5 97.5 98.5 
67 16 74.5 78.5 74 16 72 76 67.5 69 78 99 70 76.5 16 16 16 16 73.5 82.5 16 72.5 16 16 16 72 74.5 16 99.5 77 16 92 93 93 94.5 95 95.5 96 96 97 98 
68 100 74 78 73.5 15.5 71.5 75.5 67 68.5 77.5 98.5 69.5 76 15.5 100 15.5 15.5 73 82 15.5 72 15.5 15.5 15.5 71.5 74 15.5 99 76.5 15.5 91.5 92.5 92.5 94 94.5 95 95.5 95.5 96.5 97.5 
69 99.5 73.5 77.5 73 15 71 75 66.5 68 77 98 69 75.5 15 99.5 15 15 72.5 81.5 15 71.5 15 100 15 71 73.5 15 98.5 76 15 91 92 92 93.5 94 94.5 95 95 96 97 
70 99 73 77 72.5 14.5 70.5 74.5 66 67.5 76.5 97.5 68.5 75 100 99 14.5 14.5 72 81 14.5 71 14.5 99.5 14.5 70.5 73 14.5 98 75.5 14.5 90.5 91.5 91.5 93 93.5 94 94.5 94.5 95.5 96.5 
71 98.5 72.5 76.5 72 14 70 74 65.5 67 76 97 68 74.5 99.5 98.5 14 14 71.5 80.5 14 70.5 14 99 14 70 72.5 14 97.5 75 14 90 91 91 92.5 93 93.5 94 94 95 96 
72 98 72 76 71.5 13.5 69.5 73.5 65 66.5 75.5 96.5 67.5 74 99 98 13.5 13.5 71 80 13.5 70 13.5 98.5 13.5 69.5 72 13.5 97 74.5 13.5 89.5 90.5 90.5 92 92.5 93 93.5 93.5 94.5 95.5 
73 97.5 71.5 75.5 71 13 69 73 64.5 66 75 96 67 73.5 98.5 97.5 13 13 70.5 79.5 13 69.5 13 98 13 69 71.5 13 96.5 74 13 89 90 90 91.5 92 92.5 93 93 94 95 
74 97 71 75 70.5 12.5 68.5 72.5 64 65.5 74.5 95.5 66.5 73 98 97 12.5 12.5 70 79 12.5 69 12.5 97.5 12.5 68.5 71 12.5 96 73.5 12.5 88.5 89.5 89.5 91 91.5 92 92.5 92.5 93.5 94.5 
75 96.5 70.5 74.5 70 12 68 72 63.5 65 74 95 66 72.5 97.5 96.5 12 12 69.5 78.5 12 68.5 12 97 12 68 70.5 12 95.5 73 12 88 89 89 90.5 91 91.5 92 92 93 94 
76 96 70 74 69.5 11.5 67.5 71.5 63 64.5 73.5 94.5 65.5 72 97 96 11.5 11.5 69 78 11.5 68 11.5 96.5 11.5 67.5 70 11.5 95 72.5 11.5 87.5 88.5 88.5 90 90.5 91 91.5 91.5 92.5 93.5 
77 95.5 69.5 73.5 69 11 67 71 62.5 64 73 94 65 71.5 96.5 95.5 11 11 68.5 77.5 11 67.5 11 96 11 67 69.5 11 94.5 72 11 87 88 88 89.5 90 90.5 91 91 92 93 
78 95 69 73 68.5 10.5 66.5 70.5 62 63.5 72.5 93.5 64.5 71 96 95 10.5 10.5 68 77 10.5 67 10.5 95.5 10.5 66.5 69 10.5 94 71.5 10.5 86.5 87.5 87.5 89 89.5 90 90.5 90.5 91.5 92.5 
79 94.5 68.5 72.5 68 10 66 70 61.5 63 72 93 64 70.5 95.5 94.5 10 10 67.5 76.5 10 66.5 10 95 10 66 68.5 10 93.5 71 10 86 87 87 88.5 89 89.5 90 90 91 92 
80 94 68 72 67.5 9.5 65.5 69.5 61 62.5 71.5 92.5 63.5 70 95 94 9.5 9.5 67 76 9.5 66 9.5 94.5 9.5 65.5 68 9.5 93 70.5 9.5 85.5 86.5 86.5 88 88.5 89 89.5 89.5 90.5 91.5 
81 93.5 67.5 71.5 67 9 65 69 60.5 62 71 92 63 69.5 94.5 93.5 9 9 66.5 75.5 9 65.5 9 94 9 65 67.5 9 92.5 70 9 85 86 86 87.5 88 88.5 89 89 90 91 
82 93 67 71 66.5 8.5 64.5 68.5 60 61.5 70.5 91.5 62.5 69 94 93 8.5 8.5 66 75 8.5 65 8.5 93.5 8.5 64.5 67 8.5 92 69.5 8.5 84.5 85.5 85.5 87 87.5 88 88.5 88.5 89.5 90.5 
83 92.5 66.5 70.5 66 8 64 68 59.5 61 70 91 62 68.5 93.5 92.5 8 8 65.5 74.5 8 64.5 8 93 8 64 66.5 8 91.5 69 8 84 85 85 86.5 87 87.5 88 88 89 90 
84 92 66 70 65.5 7.5 63.5 67.5 59 60.5 69.5 90.5 61.5 68 93 92 7.5 7.5 65 74 7.5 64 7.5 92.5 7.5 63.5 66 7.5 91 68.5 7.5 83.5 84.5 84.5 86 86.5 87 87.5 87.5 88.5 89.5 99.5 
85 91.5 65.5 69.5 65 7 63 67 58.5 60 69 90 61 67.5 92.5 91.5 7 7 64.5 73.5 7 63.5 7 92 7 63 65.5 7 90.5 68 7 83 84 84 85.5 86 86.5 87 87 88 89 99 
86 91 65 69 64.5 6.5 62.5 66.5 58 59.5 68.5 89.5 60.5 67 92 91 6.5 6.5 64 73 6.5 63 6.5 91.5 6.5 62.5 65 6.5 90 67.5 6.5 82.5 83.5 83.5 85 85.5 86 86.5 86.5 87.5 88.5 98.5 
87 90.5 64.5 68.5 64 6 62 66 57.5 59 68 89 60 66.5 91.5 90.5 6 6 63.5 72.5 6 62.5 6 91 6 62 64.5 6 89.5 67 6 82 83 83 84.5 85 85.5 86 86 87 88 98 
88 90 64 68 63.5 5.5 61.5 65.5 57 58.5 67.5 88.5 59.5 66 91 90 5.5 5.5 63 72 5.5 62 5.5 90.5 5.5 61.5 64 5.5 89 66.5 5.5 81.5 82.5 82.5 84 84.5 85 85.5 85.5 86.5 87.5 97.5 
89 89.5 63.5 67.5 63 5 61 65 56.5 58 67 88 59 65.5 90.5 89.5 5 5 62.5 71.5 5 61.5 5 90 5 61 63.5 5 88.5 66 5 81 82 82 83.5 84 84.5 85 85 86 87 97 
90 89 63 67 62.5 4.5 60.5 64.5 56 57.5 66.5 87.5 58.5 65 90 89 4.5 4.5 62 71 4.5 61 4.5 89.5 4.5 60.5 63 4.5 88 65.5 4.5 80.5 81.5 81.5 83 83.5 100 84.5 84.5 85.5 86.5 96.5 
91 88.5 62.5 66.5 62 4 60 64 55.5 57 66 87 58 64.5 89.5 88.5 4 4 61.5 70.5 4 60.5 4 89 4 60 62.5 4 87.5 65 4 80 81 81 82.5 83 99.5 84 84 85 86 96 
92 88 62 66 61.5 3.5 59.5 63.5 55 56.5 65.5 86.5 57.5 64 89 88 3.5 3.5 61 70 3.5 60 3.5 88.5 3.5 59.5 62 3.5 87 64.5 3.5 79.5 80.5 80.5 82 82.5 99 83.5 83.5 84.5 85.5 95.5 
93 87.5 61.5 65.5 61 3 59 63 54.5 56 65 86 57 63.5 88.5 87.5 3 3 60.5 69.5 3 59.5 3 88 3 59 61.5 3 86.5 64 3 79 80 80 81.5 82 98.5 83 83 84 85 95 
94 87 61 65 60.5 2.5 58.5 62.5 54 55.5 64.5 85.5 56.5 63 88 87 2.5 2.5 60 69 2.5 59 2.5 87.5 2.5 58.5 61 2.5 86 63.5 2.5 78.5 79.5 79.5 81 81.5 98 82.5 100 83.5 84.5 94.5 
95 86.5 60.5 64.5 60 2 58 62 53.5 55 64 85 56 62.5 87.5 86.5 2 2 59.5 68.5 2 58.5 2 87 2 58 60.5 2 85.5 63 2 78 79 79 80.5 81 97.5 82 99.5 83 84 94 
96 86 60 64 59.5 1.5 57.5 61.5 53 54.5 63.5 84.5 55.5 62 87 86 1.5 1.5 59 68 1.5 58 1.5 86.5 100 57.5 60 1.5 85 62.5 1.5 77.5 78.5 78.5 80 80.5 97 81.5 99 82.5 83.5 93.5 
97 85.5 59.5 63.5 59 1 57 61 52.5 54 63 84 55 61.5 86.5 85.5 1 1 58.5 67.5 1 57.5 1 86 99.5 57 59.5 1 84.5 62 1 77 78 78 79.5 80 96.5 81 98.5 82 83 93 
98 85 59 63 58.5 0.5 56.5 60.5 52 53.5 62.5 83.5 54.5 61 86 85 0.5 0.5 58 67 0.5 57 0.5 85.5 99 56.5 59 0.5 84 61.5 0.5 76.5 77.5 77.5 79 79.5 96 80.5 98 81.5 82.5 92.5 
99 84.5 58.5 62.5 58 0 56 60 51.5 53 62 83 54 60.5 85.5 84.5 0 0 57.5 66.5 100 56.5 0 85 98.5 56 58.5 0 83.5 61 0 76 77 77 78.5 79 95.5 80 97.5 81 82 92 
100 84 58 62 57.5 55.5 59.5 51 52.5 61.5 82.5 53.5 60 85 84 57 66 56 84.5 98 55.5 58 83 60.5 75.5 76.5 76.5 78 78.5 95 79.5 97 80.5 81.5 91.5 
101 83.5 57.5 61.5 57 55 59 50.5 52 61 82 53 59.5 84.5 83.5 56.5 65.5 55.5 84 97.5 55 57.5 82.5 60 100 76 76 77.5 78 94.5 79 96.5 80 81 91 
102 83 57 61 56.5 54.5 58.5 50 51.5 60.5 81.5 52.5 59 84 83 56 65 55 83.5 97 54.5 57 82 59.5 99.5 75.5 75.5 77 77.5 94 78.5 96 79.5 80.5 90.5 
103 82.5 56.5 60.5 56 54 58 49.5 51 60 81 52 58.5 83.5 82.5 55.5 64.5 54.5 83 96.5 54 56.5 81.5 59 99 75 75 76.5 77 93.5 78 95.5 79 80 90 
104 82 56 60 55.5 53.5 57.5 49 50.5 59.5 80.5 51.5 58 83 82 55 64 54 82.5 96 53.5 56 81 58.5 98.5 74.5 74.5 76 76.5 93 77.5 95 78.5 79.5 89.5 
105 81.5 55.5 59.5 55 53 57 48.5 50 59 80 51 57.5 82.5 81.5 54.5 63.5 53.5 82 95.5 53 55.5 80.5 58 98 74 74 75.5 76 92.5 77 94.5 78 79 89 
106 81 55 59 54.5 52.5 56.5 48 49.5 58.5 79.5 50.5 57 82 81 54 63 53 81.5 95 52.5 55 80 57.5 97.5 73.5 73.5 75 75.5 92 76.5 94 77.5 78.5 88.5 99.5 
107 80.5 54.5 58.5 54 52 56 47.5 49 58 79 50 56.5 81.5 80.5 53.5 62.5 52.5 81 94.5 52 54.5 79.5 57 97 73 73 74.5 75 91.5 76 93.5 77 78 88 99 
108 80 54 58 53.5 51.5 55.5 47 48.5 57.5 78.5 49.5 56 81 80 53 62 52 80.5 94 51.5 54 79 56.5 96.5 72.5 72.5 74 74.5 91 75.5 93 76.5 77.5 87.5 98.5 
109 79.5 53.5 57.5 53 51 55 46.5 48 57 78 49 55.5 80.5 79.5 52.5 61.5 51.5 80 93.5 51 53.5 78.5 56 96 72 72 73.5 74 90.5 75 92.5 76 100 87 98 99.5 99.5 
110 79 53 57 52.5 50.5 54.5 46 47.5 56.5 77.5 48.5 55 80 79 52 61 51 79.5 93 50.5 53 78 55.5 95.5 71.5 71.5 73 73.5 90 74.5 92 75.5 99.5 86.5 97.5 99 99 
111 78.5 52.5 56.5 52 50 54 45.5 47 56 77 48 54.5 79.5 78.5 51.5 60.5 50.5 79 92.5 50 52.5 77.5 55 95 71 71 72.5 73 89.5 74 91.5 75 99 86 97 98.5 98.5 99.5 
112 78 52 56 51.5 49.5 53.5 45 46.5 55.5 76.5 47.5 54 79 78 51 60 50 78.5 92 49.5 52 77 54.5 94.5 70.5 70.5 72 72.5 89 73.5 91 74.5 98.5 85.5 96.5 98 98 99 
113 77.5 51.5 55.5 51 49 53 44.5 46 55 76 47 53.5 78.5 77.5 50.5 59.5 49.5 78 91.5 49 51.5 76.5 54 94 70 70 71.5 72 88.5 73 90.5 74 98 85 96 97.5 97.5 98.5 
114 77 51 55 50.5 48.5 52.5 44 45.5 54.5 75.5 46.5 53 78 77 50 59 49 77.5 91 48.5 51 76 53.5 93.5 69.5 69.5 71 71.5 88 72.5 90 73.5 97.5 84.5 95.5 97 97 98 99.5 99.5 
115 76.5 50.5 54.5 50 48 52 43.5 45 54 75 46 52.5 77.5 76.5 49.5 58.5 48.5 77 90.5 48 50.5 75.5 53 93 69 69 70.5 71 87.5 72 89.5 73 97 84 95 96.5 96.5 97.5 99 99 
116 76 50 54 49.5 47.5 51.5 43 44.5 53.5 74.5 45.5 52 77 76 49 58 48 76.5 90 47.5 50 75 52.5 92.5 68.5 68.5 70 70.5 87 71.5 89 72.5 96.5 83.5 94.5 96 96 97 98.5 98.5 99.5 
117 75.5 49.5 53.5 49 47 51 42.5 44 53 74 45 51.5 76.5 75.5 48.5 57.5 47.5 76 89.5 47 49.5 74.5 52 92 68 100 69.5 70 86.5 71 88.5 72 96 83 94 95.5 95.5 96.5 98 98 99 
118 75 49 53 48.5 46.5 50.5 42 43.5 52.5 73.5 44.5 51 76 75 48 57 47 75.5 89 46.5 49 74 51.5 91.5 67.5 99.5 69 69.5 86 70.5 88 71.5 95.5 82.5 93.5 95 95 96 97.5 97.5 98.5 
119 74.5 48.5 52.5 48 46 50 41.5 43 52 73 44 50.5 75.5 74.5 47.5 56.5 46.5 75 88.5 46 48.5 73.5 51 91 67 99 68.5 69 85.5 70 87.5 71 95 82 93 94.5 94.5 95.5 97 97 98 
120 74 48 52 47.5 45.5 49.5 41 42.5 51.5 72.5 43.5 50 75 74 47 56 46 74.5 88 45.5 48 73 50.5 90.5 66.5 98.5 68 68.5 85 69.5 87 70.5 94.5 81.5 92.5 94 94 95 96.5 96.5 97.5 
121 73.5 47.5 51.5 47 45 49 40.5 42 51 72 43 49.5 74.5 73.5 46.5 55.5 45.5 74 87.5 45 47.5 72.5 50 90 66 98 67.5 68 84.5 69 86.5 70 100 81 92 93.5 93.5 94.5 96 96 97 
122 73 47 51 46.5 44.5 48.5 40 41.5 50.5 71.5 42.5 49 74 73 46 55 45 73.5 87 44.5 47 72 49.5 89.5 65.5 97.5 67 67.5 84 68.5 86 69.5 99.5 80.5 91.5 93 93 94 95.5 95.5 96.5 
123 72.5 46.5 50.5 46 44 48 39.5 41 50 71 42 48.5 73.5 72.5 45.5 54.5 44.5 73 86.5 44 46.5 71.5 49 100 100 97 66.5 67 83.5 68 85.5 69 99 80 91 92.5 92.5 93.5 95 95 96 
124 72 46 50 45.5 43.5 47.5 39 40.5 49.5 70.5 41.5 48 73 72 45 54 44 72.5 86 43.5 46 71 48.5 99.5 99.5 96.5 66 66.5 83 67.5 85 68.5 98.5 79.5 90.5 92 92 93 94.5 94.5 95.5 
125 71.5 45.5 49.5 45 43 47 38.5 40 49 70 41 47.5 72.5 71.5 44.5 53.5 43.5 72 85.5 43 45.5 70.5 48 99 99 96 65.5 66 82.5 67 84.5 68 98 79 90 91.5 91.5 92.5 94 94 95 
126 71 45 49 44.5 42.5 46.5 38 39.5 48.5 69.5 40.5 47 72 71 44 53 43 71.5 85 42.5 45 70 47.5 98.5 98.5 95.5 65 65.5 82 66.5 100 67.5 97.5 78.5 89.5 91 91 92 93.5 93.5 94.5 
127 70.5 44.5 48.5 44 42 46 37.5 39 48 69 40 46.5 71.5 70.5 43.5 52.5 42.5 71 84.5 42 44.5 69.5 47 98 98 95 64.5 65 81.5 66 99.5 67 97 78 89 90.5 90.5 91.5 93 93 94 
128 70 44 48 43.5 41.5 45.5 37 38.5 47.5 68.5 39.5 46 71 70 43 52 42 70.5 84 41.5 44 69 46.5 97.5 97.5 94.5 64 64.5 100 65.5 99 66.5 96.5 77.5 88.5 90 90 91 92.5 92.5 93.5 
129 69.5 43.5 47.5 43 41 45 36.5 38 47 68 39 45.5 70.5 69.5 42.5 51.5 41.5 70 83.5 41 43.5 68.5 46 97 97 94 63.5 64 99.5 65 98.5 66 96 77 88 89.5 89.5 90.5 92 92 93 
130 69 43 47 42.5 40.5 44.5 36 100 46.5 67.5 38.5 45 70 69 42 51 41 69.5 83 40.5 43 68 45.5 96.5 96.5 93.5 63 63.5 99 64.5 98 65.5 95.5 76.5 87.5 89 89 90 91.5 91.5 100 
131 68.5 42.5 46.5 42 40 44 35.5 99.5 46 67 38 44.5 69.5 68.5 41.5 50.5 40.5 69 82.5 40 42.5 67.5 45 96 96 93 62.5 63 98.5 64 97.5 65 95 76 87 88.5 88.5 89.5 91 91 99.5 
132 68 42 46 41.5 39.5 43.5 35 99 45.5 66.5 37.5 44 69 68 41 50 40 68.5 82 39.5 42 67 44.5 95.5 95.5 92.5 62 62.5 98 63.5 97 64.5 94.5 75.5 86.5 88 88 89 90.5 90.5 99 
133 67.5 41.5 45.5 41 39 43 34.5 98.5 45 66 37 43.5 68.5 67.5 40.5 49.5 39.5 68 81.5 39 41.5 66.5 44 95 95 92 61.5 62 97.5 63 96.5 64 100 75 86 87.5 87.5 88.5 90 90 98.5 
134 67 41 45 40.5 38.5 42.5 34 98 44.5 65.5 36.5 43 68 67 40 49 39 67.5 81 38.5 41 66 43.5 94.5 94.5 91.5 61 61.5 97 62.5 96 63.5 99.5 74.5 85.5 87 87 88 89.5 89.5 98 
135 66.5 40.5 44.5 40 38 42 33.5 97.5 44 65 36 42.5 67.5 66.5 39.5 48.5 38.5 67 80.5 38 40.5 65.5 43 94 94 91 60.5 61 96.5 62 95.5 63 99 74 85 86.5 86.5 87.5 89 89 97.5 99.5 
136 66 40 44 39.5 37.5 41.5 33 97 43.5 64.5 35.5 42 67 66 39 48 38 66.5 80 37.5 40 65 42.5 93.5 93.5 90.5 60 60.5 96 61.5 95 62.5 98.5 73.5 84.5 86 86 87 88.5 88.5 97 99 
137 65.5 39.5 43.5 39 37 41 32.5 96.5 43 64 35 41.5 66.5 65.5 38.5 47.5 37.5 66 79.5 37 39.5 64.5 42 93 93 90 59.5 60 95.5 61 94.5 62 98 73 84 85.5 85.5 86.5 88 88 96.5 98.5 
138 65 39 43 38.5 36.5 40.5 32 96 42.5 63.5 34.5 41 66 65 38 47 37 65.5 79 36.5 39 64 41.5 92.5 92.5 89.5 59 59.5 95 60.5 94 61.5 97.5 72.5 83.5 85 85 86 87.5 87.5 96 98 
139 64.5 38.5 42.5 38 36 40 31.5 95.5 42 63 34 40.5 65.5 64.5 37.5 46.5 36.5 65 78.5 36 38.5 63.5 41 92 92 89 58.5 59 94.5 60 93.5 61 97 72 83 84.5 84.5 85.5 87 87 95.5 97.5 
140 64 38 42 37.5 35.5 39.5 31 95 41.5 62.5 33.5 40 65 64 37 46 36 64.5 78 35.5 38 63 40.5 91.5 91.5 88.5 58 58.5 94 59.5 93 60.5 96.5 71.5 82.5 84 84 85 86.5 86.5 95 97 99.5 
141 63.5 37.5 41.5 37 35 39 30.5 94.5 41 62 33 39.5 64.5 63.5 36.5 45.5 35.5 64 77.5 35 37.5 62.5 40 91 91 88 57.5 58 93.5 59 92.5 60 96 71 82 83.5 83.5 84.5 86 86 94.5 96.5 99 
142 63 37 41 36.5 34.5 38.5 30 94 40.5 61.5 32.5 39 64 63 36 45 35 63.5 77 34.5 37 62 39.5 90.5 90.5 87.5 57 57.5 93 58.5 92 59.5 95.5 70.5 81.5 83 83 84 85.5 85.5 94 96 98.5 
143 62.5 36.5 40.5 36 34 38 29.5 93.5 40 61 32 38.5 63.5 62.5 35.5 44.5 34.5 63 76.5 34 36.5 61.5 39 90 90 87 56.5 57 92.5 58 91.5 59 95 100 81 82.5 82.5 83.5 85 85 93.5 95.5 98 
144 62 36 40 35.5 33.5 37.5 29 93 39.5 60.5 31.5 38 63 62 35 44 34 62.5 76 33.5 36 61 38.5 89.5 89.5 86.5 56 56.5 92 57.5 91 58.5 94.5 99.5 80.5 82 82 83 84.5 84.5 93 95 97.5 
145 61.5 35.5 39.5 35 33 37 28.5 92.5 39 60 31 37.5 62.5 61.5 34.5 43.5 33.5 62 75.5 33 35.5 60.5 38 100 89 86 55.5 56 91.5 57 90.5 58 100 99 80 81.5 81.5 82.5 84 84 92.5 94.5 97 
146 61 35 39 34.5 32.5 36.5 28 92 38.5 59.5 30.5 100 62 61 34 43 33 61.5 75 32.5 35 60 37.5 99.5 88.5 85.5 55 100 91 56.5 90 57.5 99.5 98.5 79.5 81 81 82 83.5 83.5 92 94 96.5 
147 60.5 34.5 38.5 34 32 36 27.5 91.5 38 59 30 99.5 61.5 60.5 33.5 42.5 32.5 61 74.5 32 34.5 59.5 37 99 88 85 54.5 99.5 90.5 56 89.5 57 99 98 79 80.5 80.5 81.5 83 83 91.5 93.5 96 99.5 
148 60 34 38 33.5 31.5 35.5 27 91 37.5 58.5 29.5 99 61 60 33 42 32 60.5 74 31.5 34 59 36.5 98.5 87.5 84.5 54 99 90 55.5 89 56.5 98.5 97.5 78.5 80 80 81 82.5 100 91 93 95.5 99 
149 59.5 33.5 37.5 33 31 35 26.5 90.5 37 58 29 98.5 60.5 59.5 32.5 41.5 31.5 60 73.5 31 33.5 58.5 36 98 87 84 53.5 98.5 89.5 55 88.5 56 98 97 78 79.5 79.5 80.5 82 99.5 90.5 92.5 95 98.5 
150 59 33 37 32.5 30.5 34.5 26 90 36.5 57.5 28.5 98 60 59 32 41 31 59.5 73 30.5 33 58 35.5 97.5 86.5 83.5 53 98 89 54.5 88 55.5 97.5 96.5 77.5 79 79 80 81.5 99 90 92 94.5 98 
151 58.5 32.5 36.5 32 30 34 25.5 89.5 36 57 28 97.5 59.5 58.5 31.5 40.5 30.5 59 72.5 30 32.5 57.5 35 97 86 83 52.5 97.5 88.5 54 87.5 55 97 96 77 78.5 78.5 100 81 98.5 89.5 91.5 94 97.5 
152 58 32 36 31.5 29.5 33.5 25 89 35.5 56.5 27.5 97 59 58 31 40 30 58.5 72 29.5 32 57 34.5 96.5 85.5 82.5 52 97 88 53.5 87 54.5 96.5 95.5 76.5 78 78 99.5 80.5 98 100 91 93.5 97 
153 57.5 31.5 35.5 31 29 33 24.5 88.5 35 56 27 96.5 58.5 57.5 30.5 39.5 29.5 58 71.5 29 31.5 56.5 34 96 85 82 51.5 96.5 87.5 53 86.5 54 96 95 76 77.5 77.5 99 80 97.5 99.5 90.5 93 96.5 
154 57 31 35 30.5 28.5 32.5 24 88 34.5 55.5 26.5 96 58 57 30 39 29 57.5 71 28.5 31 56 33.5 95.5 100 81.5 51 96 87 52.5 86 53.5 95.5 94.5 75.5 77 77 98.5 79.5 97 99 90 92.5 96 
155 56.5 30.5 34.5 30 28 32 23.5 87.5 34 55 26 95.5 57.5 56.5 29.5 38.5 28.5 57 70.5 28 30.5 55.5 33 95 99.5 81 50.5 95.5 86.5 52 85.5 53 95 94 75 76.5 76.5 98 79 96.5 98.5 89.5 92 95.5 
156 56 30 34 29.5 27.5 31.5 23 87 33.5 54.5 25.5 95 57 56 29 38 28 56.5 70 27.5 30 55 100 94.5 99 80.5 50 95 86 51.5 85 52.5 94.5 93.5 74.5 76 76 97.5 78.5 96 98 89 91.5 95 
157 55.5 29.5 33.5 29 27 31 22.5 86.5 33 54 25 94.5 56.5 55.5 28.5 37.5 27.5 56 69.5 27 29.5 54.5 99.5 94 98.5 80 49.5 94.5 85.5 51 84.5 52 100 93 74 75.5 75.5 97 78 95.5 97.5 88.5 91 94.5 
158 55 29 33 28.5 26.5 30.5 22 86 32.5 53.5 24.5 94 56 55 28 37 27 55.5 69 26.5 29 54 99 93.5 98 79.5 49 94 85 50.5 100 51.5 99.5 92.5 73.5 75 75 96.5 77.5 95 97 88 90.5 94 
159 54.5 28.5 32.5 28 26 30 21.5 85.5 32 53 24 93.5 55.5 54.5 27.5 36.5 26.5 55 68.5 26 28.5 53.5 98.5 93 97.5 79 48.5 93.5 84.5 50 99.5 51 99 92 73 74.5 74.5 96 77 94.5 96.5 87.5 90 93.5 
160 54 25.5 29.5 21 85 23.5 93 55 54 27 36 54.5 68 25.5 53 98 92.5 97 78.5 48 93 84 49.5 99 50.5 98.5 91.5 72.5 74 74 95.5 76.5 94 96 87 89.5 93 
161 53.5 25 29 20.5 84.5 23 92.5 54.5 53.5 26.5 35.5 54 67.5 25 52.5 97.5 92 96.5 78 47.5 92.5 83.5 49 98.5 50 98 91 72 73.5 73.5 95 76 93.5 95.5 86.5 89 92.5 99.5 
162 53 24.5 28.5 20 84 22.5 92 54 53 26 35 53.5 67 24.5 52 97 91.5 96 77.5 47 92 83 48.5 98 49.5 97.5 90.5 71.5 73 73 94.5 75.5 93 95 86 88.5 92 99 
163 52.5 24 28 19.5 83.5 22 91.5 53.5 52.5 25.5 34.5 53 66.5 24 51.5 96.5 91 95.5 77 46.5 91.5 82.5 48 97.5 49 97 90 71 72.5 72.5 94 75 92.5 94.5 85.5 100 91.5 98.5 
164 52 23.5 27.5 19 83 21.5 91 53 52 25 34 52.5 66 23.5 51 96 90.5 95 76.5 46 91 82 47.5 97 48.5 96.5 89.5 70.5 72 72 93.5 74.5 92 94 85 99.5 91 98 
165 51.5 23 27 18.5 82.5 21 90.5 52.5 51.5 24.5 33.5 52 65.5 23 50.5 95.5 90 94.5 76 45.5 90.5 81.5 47 96.5 48 96 89 70 71.5 71.5 93 74 91.5 93.5 84.5 99 90.5 97.5 
166 51 22.5 26.5 18 82 20.5 90 52 51 24 33 51.5 65 22.5 50 95 89.5 94 75.5 45 90 100 46.5 96 47.5 95.5 88.5 69.5 71 71 92.5 73.5 91 93 84 98.5 90 97 
167 50.5 22 26 17.5 81.5 20 89.5 51.5 50.5 23.5 32.5 51 64.5 22 49.5 94.5 100 93.5 75 44.5 89.5 99.5 46 95.5 47 95 88 69 70.5 70.5 92 73 90.5 92.5 83.5 98 89.5 96.5 
168 50 21.5 25.5 17 81 19.5 89 51 50 23 32 50.5 64 21.5 49 94 99.5 93 74.5 44 89 99 45.5 95 46.5 94.5 87.5 68.5 70 70 91.5 72.5 90 92 83 97.5 89 96 
169 49.5 21 25 16.5 80.5 19 88.5 50.5 49.5 22.5 31.5 50 63.5 21 48.5 93.5 99 92.5 74 43.5 88.5 98.5 45 94.5 46 100 87 68 69.5 69.5 91 72 89.5 91.5 82.5 97 100 95.5 
170 49 20.5 24.5 16 80 18.5 88 50 49 22 31 49.5 63 20.5 48 93 98.5 92 73.5 100 88 98 44.5 94 45.5 99.5 86.5 67.5 69 69 90.5 71.5 89 91 82 96.5 99.5 95 
171 48.5 20 24 15.5 79.5 18 87.5 49.5 48.5 21.5 30.5 49 62.5 20 47.5 92.5 98 91.5 73 99.5 87.5 97.5 44 93.5 45 99 86 67 68.5 68.5 90 71 88.5 90.5 81.5 96 99 94.5 
172 48 19.5 23.5 15 79 17.5 87 49 48 21 30 48.5 62 19.5 47 92 97.5 91 72.5 99 87 97 43.5 93 44.5 98.5 85.5 66.5 100 68 89.5 70.5 88 90 81 95.5 98.5 94 
173 47.5 19 23 14.5 78.5 17 86.5 100 47.5 20.5 29.5 100 61.5 19 46.5 91.5 97 90.5 72 98.5 86.5 96.5 43 92.5 44 98 100 66 99.5 67.5 89 70 87.5 89.5 80.5 95 98 93.5 
174 47 18.5 22.5 14 78 16.5 86 99.5 47 20 29 99.5 61 18.5 46 91 96.5 90 71.5 98 86 96 42.5 92 43.5 97.5 99.5 65.5 99 67 88.5 69.5 87 100 80 94.5 97.5 93 99.5 
175 46.5 18 22 13.5 77.5 16 85.5 99 46.5 19.5 28.5 99 60.5 18 45.5 90.5 96 89.5 71 97.5 85.5 95.5 42 91.5 43 97 99 65 98.5 66.5 88 69 86.5 99.5 79.5 94 97 92.5 99 
176 46 17.5 21.5 13 77 15.5 85 98.5 46 19 28 98.5 60 17.5 45 90 95.5 89 70.5 97 85 95 41.5 91 42.5 96.5 98.5 64.5 98 66 87.5 68.5 86 99 79 93.5 96.5 92 98.5 
177 45.5 17 21 12.5 76.5 15 84.5 98 45.5 18.5 27.5 98 59.5 17 44.5 89.5 95 88.5 70 96.5 84.5 94.5 41 90.5 42 96 98 64 97.5 65.5 87 68 85.5 98.5 78.5 93 96 91.5 98 
178 45 16.5 20.5 12 76 14.5 84 97.5 45 18 27 97.5 59 16.5 44 89 94.5 88 69.5 96 84 94 40.5 90 41.5 95.5 97.5 63.5 97 65 86.5 67.5 85 98 78 92.5 95.5 91 97.5 
179 44.5 16 20 11.5 75.5 14 83.5 97 44.5 17.5 26.5 97 58.5 16 43.5 88.5 94 87.5 69 95.5 83.5 93.5 40 89.5 41 95 97 63 96.5 64.5 86 67 84.5 97.5 77.5 92 95 90.5 97 
180 44 15.5 19.5 11 75 13.5 83 96.5 44 17 26 96.5 58 15.5 43 88 93.5 87 68.5 95 83 93 39.5 89 40.5 94.5 96.5 62.5 96 64 85.5 66.5 84 97 77 91.5 94.5 90 96.5 
181 43.5 15 19 10.5 74.5 13 82.5 96 43.5 16.5 25.5 96 57.5 15 42.5 87.5 93 86.5 68 94.5 82.5 92.5 39 88.5 40 100 96 62 95.5 63.5 100 66 83.5 96.5 100 91 94 89.5 96 
182 43 14.5 18.5 10 74 12.5 82 95.5 43 16 25 95.5 57 14.5 42 87 92.5 86 67.5 94 82 92 38.5 88 39.5 99.5 95.5 61.5 95 63 99.5 65.5 83 96 99.5 90.5 93.5 89 95.5 99.5 
183 42.5 14 18 9.5 73.5 12 81.5 95 42.5 15.5 24.5 95 56.5 14 41.5 86.5 92 85.5 67 93.5 81.5 91.5 38 87.5 39 99 95 61 94.5 62.5 99 65 82.5 95.5 99 90 93 88.5 95 99 
184 42 13.5 17.5 9 73 11.5 81 94.5 42 15 24 94.5 56 13.5 41 86 91.5 100 66.5 93 81 91 37.5 87 38.5 98.5 94.5 60.5 94 62 98.5 64.5 82 95 98.5 89.5 92.5 88 94.5 98.5 
185 41.5 13 17 8.5 72.5 11 80.5 94 41.5 14.5 23.5 94 55.5 13 40.5 85.5 91 99.5 66 92.5 80.5 90.5 37 86.5 38 98 94 60 93.5 61.5 98 64 81.5 94.5 98 89 92 87.5 94 98 
186 41 12.5 16.5 8 72 10.5 80 93.5 41 14 23 93.5 55 12.5 40 85 90.5 99 65.5 92 100 90 36.5 86 37.5 97.5 93.5 59.5 93 61 97.5 63.5 81 94 97.5 88.5 91.5 87 93.5 97.5 99.5 
187 40.5 12 16 7.5 71.5 10 79.5 93 40.5 13.5 22.5 93 54.5 100 39.5 84.5 90 98.5 65 91.5 99.5 89.5 36 85.5 37 97 93 59 92.5 60.5 97 63 80.5 93.5 97 88 91 86.5 93 97 99 
188 40 11.5 15.5 7 71 9.5 79 92.5 40 13 22 92.5 54 99.5 39 84 89.5 98 64.5 91 99 89 35.5 85 36.5 96.5 92.5 58.5 92 60 96.5 62.5 100 93 96.5 87.5 90.5 86 92.5 96.5 98.5 
189 39.5 11 15 6.5 70.5 9 78.5 92 39.5 12.5 21.5 92 53.5 99 38.5 83.5 100 97.5 64 90.5 98.5 88.5 35 84.5 36 96 92 58 91.5 59.5 96 62 99.5 92.5 96 87 90 85.5 92 96 98 
190 39 10.5 14.5 6 70 8.5 78 91.5 39 12 21 91.5 53 98.5 38 83 99.5 97 63.5 90 98 88 34.5 100 35.5 95.5 91.5 57.5 91 59 95.5 61.5 99 92 95.5 86.5 89.5 85 91.5 95.5 97.5 99.5 
191 38.5 10 14 5.5 69.5 8 77.5 91 38.5 11.5 20.5 91 52.5 98 37.5 82.5 99 96.5 63 89.5 97.5 87.5 34 99.5 35 95 91 100 90.5 58.5 95 61 98.5 91.5 95 86 89 84.5 91 95 97 99 
192 38 9.5 13.5 5 69 7.5 77 90.5 38 11 20 90.5 52 97.5 37 82 98.5 96 62.5 89 97 87 33.5 99 34.5 94.5 90.5 99.5 90 58 94.5 60.5 98 91 94.5 85.5 88.5 84 90.5 94.5 96.5 98.5 
193 37.5 9 13 4.5 68.5 100 76.5 90 37.5 10.5 100 90 51.5 97 36.5 81.5 98 95.5 62 88.5 96.5 86.5 33 98.5 34 100 90 99 89.5 57.5 94 60 97.5 90.5 94 100 88 83.5 90 94 96 98 99.5 
194 37 8.5 12.5 4 68 99.5 76 89.5 37 10 99.5 89.5 51 96.5 36 81 97.5 95 61.5 88 96 86 32.5 98 33.5 99.5 89.5 98.5 89 57 93.5 59.5 97 90 93.5 99.5 87.5 83 89.5 93.5 95.5 97.5 99 
195 100 8 12 3.5 67.5 99 75.5 89 36.5 9.5 99 89 50.5 96 35.5 80.5 97 94.5 100 87.5 95.5 85.5 32 97.5 33 99 89 98 88.5 56.5 93 59 96.5 89.5 93 99 87 82.5 89 93 95 97 98.5 
196 99.5 7.5 11.5 3 67 98.5 75 88.5 36 9 98.5 88.5 50 95.5 100 80 96.5 94 99.5 87 95 85 31.5 97 32.5 98.5 88.5 97.5 88 56 92.5 58.5 96 100 92.5 98.5 86.5 82 88.5 92.5 94.5 96.5 98 99.5 
197 99 7 11 2.5 66.5 98 74.5 88 35.5 8.5 98 88 49.5 95 99.5 79.5 96 93.5 99 86.5 94.5 84.5 31 96.5 32 98 88 97 87.5 55.5 92 58 95.5 99.5 92 98 86 81.5 88 92 94 96 97.5 99 99.5 
198 98.5 6.5 100 2 66 97.5 74 87.5 100 8 97.5 87.5 49 94.5 99 79 95.5 93 98.5 86 94 84 30.5 96 31.5 97.5 87.5 96.5 87 55 91.5 57.5 95 99 91.5 97.5 85.5 81 87.5 91.5 93.5 95.5 97 98.5 99 
199 98 6 99.5 1.5 65.5 97 73.5 87 99.5 7.5 97 87 48.5 94 98.5 78.5 95 92.5 98 85.5 93.5 83.5 30 95.5 31 97 87 96 86.5 54.5 91 57 94.5 98.5 91 97 85 80.5 87 91 93 95 96.5 98 98.5 99.5 
200 97.5 5.5 99 1 65 96.5 73 86.5 99 7 96.5 86.5 48 93.5 98 78 94.5 92 97.5 85 93 83 29.5 95 30.5 96.5 86.5 95.5 86 54 90.5 56.5 94 98 90.5 96.5 84.5 80 86.5 90.5 92.5 94.5 96 97.5 98 99 
201 97 5 98.5 0.5 64.5 96 72.5 86 98.5 6.5 96 86 47.5 93 97.5 77.5 94 91.5 97 84.5 92.5 82.5 29 94.5 30 96 86 95 85.5 53.5 90 56 93.5 97.5 90 96 100 79.5 86 90 92 94 95.5 97 97.5 98.5 
202 96.5 4.5 98 0 64 95.5 72 85.5 98 6 95.5 85.5 47 92.5 97 77 93.5 91 96.5 84 92 82 28.5 94 29.5 95.5 85.5 94.5 85 53 89.5 55.5 93 97 89.5 95.5 99.5 79 85.5 89.5 91.5 93.5 95 96.5 97 98 
203 96 4 97.5 63.5 95 71.5 85 97.5 5.5 95 85 46.5 92 96.5 76.5 93 90.5 96 83.5 91.5 81.5 28 93.5 29 95 100 94 84.5 52.5 89 55 92.5 96.5 89 95 99 78.5 85 89 91 93 94.5 96 96.5 97.5 
204 95.5 3.5 97 63 94.5 71 84.5 97 5 94.5 84.5 46 91.5 96 76 92.5 90 95.5 83 91 100 27.5 93 28.5 94.5 99.5 93.5 84 52 88.5 54.5 92 96 88.5 94.5 98.5 78 84.5 88.5 90.5 92.5 94 95.5 96 97 
205 95 3 96.5 62.5 94 70.5 84 96.5 4.5 94 84 45.5 91 95.5 75.5 92 89.5 95 82.5 90.5 99.5 27 92.5 28 100 99 93 83.5 51.5 88 54 91.5 95.5 88 94 98 77.5 84 88 90 92 93.5 95 95.5 96.5 
206 94.5 2.5 96 62 93.5 70 83.5 96 4 93.5 83.5 45 90.5 95 75 91.5 89 94.5 82 90 99 26.5 92 27.5 99.5 98.5 92.5 83 51 87.5 53.5 91 95 87.5 93.5 97.5 77 83.5 87.5 89.5 91.5 93 94.5 95 96 
207 94 2 95.5 61.5 93 69.5 83 95.5 3.5 93 83 44.5 90 94.5 74.5 91 88.5 94 81.5 89.5 98.5 26 91.5 27 99 98 92 82.5 50.5 87 53 90.5 94.5 87 93 97 76.5 83 87 89 91 92.5 94 94.5 95.5 
208 93.5 1.5 95 61 92.5 69 82.5 95 3 92.5 82.5 44 89.5 94 74 90.5 88 93.5 81 89 98 25.5 91 26.5 98.5 97.5 91.5 82 50 86.5 52.5 90 94 86.5 92.5 96.5 76 82.5 86.5 88.5 90.5 92 93.5 94 95 
209 93 1 94.5 60.5 92 68.5 82 94.5 2.5 92 82 43.5 89 93.5 73.5 90 87.5 93 80.5 88.5 97.5 25 90.5 26 98 97 91 81.5 49.5 86 52 89.5 93.5 86 92 96 75.5 82 86 88 90 91.5 93 93.5 94.5 
210 92.5 0.5 94 60 91.5 68 81.5 94 2 91.5 81.5 43 88.5 93 73 89.5 87 92.5 80 88 97 24.5 90 25.5 97.5 96.5 90.5 81 49 85.5 51.5 89 93 85.5 91.5 95.5 100 81.5 100 87.5 89.5 91 92.5 93 94 
211 92 0 93.5 59.5 91 67.5 81 93.5 1.5 91 81 42.5 88 92.5 72.5 100 86.5 92 79.5 87.5 96.5 24 89.5 25 97 96 90 80.5 48.5 100 51 88.5 92.5 85 91 95 99.5 81 99.5 87 89 90.5 92 92.5 93.5 
212 91.5 93 59 90.5 67 80.5 93 1 90.5 80.5 42 87.5 92 72 99.5 86 91.5 79 87 96 23.5 89 24.5 96.5 95.5 89.5 80 48 99.5 100 88 92 84.5 90.5 94.5 99 80.5 99 86.5 88.5 90 91.5 92 93 99.5 
213 91 92.5 58.5 90 66.5 80 92.5 0.5 90 80 41.5 87 91.5 71.5 99 85.5 91 78.5 86.5 95.5 23 88.5 24 96 95 89 79.5 47.5 99 99.5 87.5 91.5 84 90 94 98.5 80 98.5 86 88 89.5 91 91.5 92.5 99 
214 90.5 92 58 89.5 66 79.5 92 0 89.5 79.5 41 86.5 91 71 98.5 100 90.5 78 86 95 22.5 88 23.5 95.5 94.5 88.5 79 47 98.5 99 87 91 83.5 89.5 93.5 98 79.5 98 85.5 100 89 90.5 91 92 98.5 
215 90 91.5 57.5 89 65.5 79 91.5 89 79 40.5 86 90.5 70.5 98 99.5 90 77.5 85.5 94.5 22 87.5 23 95 94 88 78.5 46.5 98 98.5 86.5 90.5 83 89 93 97.5 79 97.5 85 99.5 88.5 90 90.5 91.5 98 
216 89.5 91 57 88.5 65 78.5 91 88.5 78.5 40 85.5 90 70 97.5 99 89.5 77 85 94 21.5 87 22.5 94.5 93.5 100 78 46 97.5 98 86 90 82.5 88.5 92.5 100 78.5 97 84.5 99 88 89.5 90 100 97.5 
217 89 90.5 56.5 88 64.5 78 90.5 88 78 39.5 85 89.5 69.5 97 98.5 89 76.5 84.5 93.5 21 86.5 22 100 93 99.5 77.5 45.5 97 97.5 85.5 89.5 82 88 92 99.5 78 96.5 84 98.5 87.5 100 89.5 99.5 97 
218 88.5 90 56 87.5 64 77.5 90 87.5 77.5 39 84.5 89 69 96.5 98 88.5 76 84 93 20.5 86 100 99.5 92.5 99 77 45 96.5 97 85 100 81.5 87.5 91.5 99 77.5 96 83.5 98 87 99.5 89 99 96.5 
219 88 89.5 55.5 87 63.5 77 89.5 87 77 38.5 84 88.5 68.5 96 97.5 88 75.5 83.5 92.5 20 85.5 99.5 99 92 98.5 76.5 44.5 96 96.5 84.5 99.5 81 87 91 98.5 77 95.5 83 97.5 86.5 99 88.5 98.5 96 
220 87.5 89 55 86.5 63 76.5 89 86.5 76.5 38 83.5 88 68 95.5 97 87.5 75 83 92 19.5 85 99 98.5 91.5 98 76 44 95.5 96 84 99 80.5 86.5 90.5 98 76.5 95 82.5 97 86 98.5 88 98 95.5 
221 87 88.5 54.5 86 62.5 76 88.5 86 76 37.5 83 87.5 67.5 95 96.5 87 74.5 82.5 91.5 19 84.5 98.5 98 91 97.5 75.5 43.5 95 95.5 83.5 98.5 80 86 90 97.5 76 94.5 82 96.5 85.5 98 87.5 97.5 95 
222 86.5 88 54 85.5 62 75.5 88 85.5 75.5 37 82.5 87 67 94.5 96 86.5 74 82 91 18.5 100 98 97.5 90.5 97 75 43 94.5 95 83 98 79.5 85.5 89.5 100 75.5 94 81.5 96 85 97.5 87 97 94.5 
223 86 87.5 53.5 85 61.5 75 87.5 85 75 36.5 82 86.5 66.5 94 95.5 86 73.5 81.5 90.5 18 99.5 97.5 97 90 96.5 74.5 42.5 94 94.5 82.5 97.5 79 100 89 99.5 75 93.5 81 95.5 84.5 97 86.5 96.5 94 
224 85.5 87 53 84.5 61 74.5 87 84.5 74.5 36 81.5 86 66 93.5 95 85.5 73 81 90 17.5 99 97 96.5 89.5 96 74 42 93.5 94 82 97 78.5 99.5 88.5 99 74.5 93 80.5 95 84 96.5 86 96 93.5 
225 85 86.5 52.5 84 60.5 74 86.5 84 74 35.5 81 85.5 65.5 93 94.5 85 72.5 80.5 89.5 17 98.5 96.5 96 89 95.5 73.5 41.5 93 93.5 81.5 96.5 78 99 88 98.5 100 92.5 80 94.5 83.5 96 85.5 95.5 93 
226 84.5 86 52 83.5 60 73.5 86 83.5 73.5 35 80.5 85 65 92.5 94 84.5 72 100 89 100 98 96 95.5 88.5 95 73 41 92.5 93 81 96 77.5 98.5 87.5 98 99.5 92 79.5 94 83 95.5 85 95 92.5 
227 84 85.5 51.5 83 59.5 73 85.5 83 73 34.5 80 84.5 64.5 92 93.5 84 71.5 99.5 88.5 99.5 97.5 95.5 95 88 94.5 72.5 40.5 92 92.5 80.5 95.5 77 98 87 97.5 99 91.5 79 93.5 100 95 84.5 94.5 92 
228 83.5 85 51 82.5 59 72.5 85 82.5 72.5 34 79.5 84 64 91.5 93 83.5 71 99 88 99 97 95 94.5 87.5 94 72 40 91.5 92 100 95 76.5 97.5 86.5 100 98.5 91 78.5 93 99.5 94.5 84 94 91.5 
229 83 84.5 50.5 82 58.5 72 84.5 82 72 33.5 79 83.5 63.5 91 92.5 83 70.5 98.5 87.5 98.5 96.5 94.5 100 87 93.5 71.5 39.5 91 91.5 99.5 94.5 76 97 86 99.5 98 90.5 78 92.5 99 94 83.5 93.5 91 
