0 30
1 30
2 30
3 30
4 30
5 30
6 30
7 30
8 30
9 30
10 30
11 30
12 30
13 30
14 30
15 30
16 30
17 30
18 30
19 30
20 30
21 30
22 30
23 30
24 30
25 30
26 30
27 30
28 30
29 30
30 30
31 30
32 30
33 30
34 30
35 30
36 30
37 30
38 30
39 30
40 30
41 30
42 30
43 30
44 30
45 30
46 30
47 30
48 30
49 30
50 30
51 30
52 31
53 31
54 33
55 33
56 33
57 34
58 35
59 36
60 38
61 38
62 39
63 39
64 40
65 40
66 40
67 40
68 40
69 40
70 40
71 40
72 40
73 40
74 40
75 40
76 40
77 40
78 40
79 40
80 40
81 40
82 40
83 40
84 41
85 41
86 41
87 41
88 41
89 41
90 41
91 41
92 41
93 41
94 41
95 41
96 41
97 41
98 41
99 41
100 34
101 34
102 34
103 34
104 34
105 34
106 35
107 35
108 35
109 37
110 37
111 38
112 38
113 38
114 40
115 40
116 41
117 41
118 41
119 41
120 41
121 41
122 41
123 41
124 41
125 41
126 41
127 41
128 41
129 41
130 41
131 41
132 41
133 41
134 41
135 42
136 42
137 42
138 42
139 42
140 43
141 43
142 43
143 43
144 43
145 43
146 43
147 44
148 44
149 44
150 44
151 44
152 44
153 44
154 44
155 44
156 44
157 44
158 44
159 44
160 37
161 38
162 38
163 38
164 38
165 38
166 38
167 38
168 38
169 38
170 38
171 38
172 38
173 38
174 39
175 39
176 39
177 39
178 39
179 39
180 39
181 39
182 40
183 40
184 40
185 40
186 41
187 41
188 41
189 41
190 42
191 42
192 42
193 43
194 43
195 43
196 44
197 45
198 45
199 46
200 46
201 46
202 46
203 45
204 45
205 45
206 45
207 45
208 45
209 45
210 45
211 45
212 45
213 45
214 45
215 44
216 44
217 44
218 44
219 44
220 44
221 44
222 44
223 44
224 44
225 44
226 44
227 44
228 44
229 44
