0 1
1 1
2 1
3 1
4 1
5 1
6 1
7 1
8 1
9 1
10 1
11 1
12 1
13 1
14 1
15 1
16 1
17 1
18 1
19 1
20 1
21 1
22 1
23 1
24 1
25 1
26 1
27 1
28 1
29 1
30 1
31 1
32 1
33 1
34 1
35 1
36 1
37 1
38 1
39 1
40 1
41 1
42 1
43 1
44 1
45 1
46 1
47 1
48 1
49 1
50 1
51 1
52 0.966734
53 0.966734
54 0.90625
55 0.90625
56 0.90625
57 0.878677
58 0.852679
59 0.828126
60 0.782896
61 0.782896
62 0.76202
63 0.76202
64 0.742188
65 0.742188
66 0.742188
67 0.742188
68 0.742188
69 0.742188
70 0.742188
71 0.742188
72 0.742188
73 0.742188
74 0.742188
75 0.742188
76 0.742188
77 0.742188
78 0.742188
79 0.742188
80 0.742188
81 0.742188
82 0.742188
83 0.742188
84 0.723324
85 0.723324
86 0.723324
87 0.723324
88 0.723324
89 0.723324
90 0.723324
91 0.723324
92 0.723324
93 0.723324
94 0.723324
95 0.723324
96 0.723324
97 0.723324
98 0.723324
99 0.723324
100 0.666362
101 0.666362
102 0.666362
103 0.666362
104 0.666362
105 0.666362
106 0.64643
107 0.64643
108 0.64643
109 0.609799
110 0.609799
111 0.592929
112 0.592929
113 0.592929
114 0.56172
115 0.56172
116 0.547258
117 0.547258
118 0.547258
119 0.547258
120 0.547258
121 0.547258
122 0.547258
123 0.547258
124 0.547258
125 0.547258
126 0.547258
127 0.547258
128 0.547258
129 0.547258
130 0.547258
131 0.547258
132 0.547258
133 0.547258
134 0.547258
135 0.533484
136 0.533484
137 0.533484
138 0.533484
139 0.533484
140 0.520351
141 0.520351
142 0.520351
143 0.520351
144 0.520351
145 0.520351
146 0.520351
147 0.507814
148 0.507814
149 0.507814
150 0.507814
151 0.507814
152 0.507814
153 0.507814
154 0.507814
155 0.507814
156 0.507814
157 0.507814
158 0.507814
159 0.507814
160 0.414699
161 0.402963
162 0.402963
163 0.402963
164 0.402963
165 0.402963
166 0.402963
167 0.402963
168 0.402963
169 0.402963
170 0.402963
171 0.402963
172 0.402963
173 0.402963
174 0.39183
175 0.39183
176 0.39183
177 0.39183
178 0.39183
179 0.39183
180 0.39183
181 0.39183
182 0.381253
183 0.381253
184 0.381253
185 0.381253
186 0.371192
187 0.371192
188 0.371192
189 0.371192
190 0.36161
191 0.36161
192 0.36161
193 0.352474
194 0.352474
195 0.352474
196 0.343753
197 0.33542
198 0.33542
199 0.327449
200 0.327449
201 0.327449
202 0.327449
203 0.312503
204 0.312503
205 0.312503
206 0.312503
207 0.312503
208 0.312503
209 0.312503
210 0.312503
211 0.312503
212 0.289587
213 0.289587
214 0.289587
215 0.273441
216 0.273441
217 0.273441
218 0.273441
219 0.273441
220 0.273441
221 0.273441
222 0.273441
223 0.273441
224 0.273441
225 0.273441
226 0.273441
227 0.273441
228 0.273441
229 0.273441
