0 1
1 1
2 1
3 1
4 1
5 1
6 1
7 1
8 1
9 1
10 1
11 1
12 1
13 1
14 1
15 1
16 1
17 1
18 1
19 1
20 1
21 1
22 1
23 1
24 1
25 1
26 1
27 1
28 1
29 1
30 1
31 1
32 1
33 1
34 1
35 1
36 1
37 1
38 1
39 1
40 1
41 1
42 1
43 1
44 1
45 1
46 1
47 1
48 1
49 1
50 1
51 1
52 1
53 1
54 1
55 0.973008
56 0.947702
57 0.947702
58 0.947702
59 0.923931
60 0.901557
61 0.901557
62 0.901557
63 0.86054
64 0.86054
65 0.86054
66 0.82384
67 0.806901
68 0.79081
69 0.775503
70 0.775503
71 0.775503
72 0.775503
73 0.775503
74 0.775503
75 0.775503
76 0.775503
77 0.775503
78 0.775503
79 0.775503
80 0.775503
81 0.775503
82 0.775503
83 0.775503
84 0.775503
85 0.775503
86 0.775503
87 0.775503
88 0.775503
89 0.775503
90 0.775503
91 0.775503
92 0.775503
93 0.775503
94 0.775503
95 0.775503
96 0.775503
97 0.775503
98 0.775503
99 0.775503
100 0.729283
101 0.729283
102 0.729283
103 0.729283
104 0.729283
105 0.737018
106 0.737018
107 0.737018
108 0.737018
109 0.744323
110 0.744323
111 0.744323
112 0.744323
113 0.744323
114 0.75778
115 0.75778
116 0.75778
117 0.75778
118 0.75778
119 0.75778
120 0.75778
121 0.75778
122 0.75778
123 0.75778
124 0.755094
125 0.755094
126 0.760925
127 0.760925
128 0.766485
129 0.752775
130 0.739674
131 0.739674
132 0.739674
133 0.739674
134 0.739674
135 0.739674
136 0.727143
137 0.727143
138 0.727143
139 0.727143
140 0.727143
141 0.727143
142 0.727143
143 0.715145
144 0.715145
145 0.715145
146 0.715145
147 0.715145
148 0.715145
149 0.715145
150 0.715145
151 0.715145
152 0.715145
153 0.72108
154 0.72108
155 0.726772
156 0.726772
157 0.726772
158 0.726772
159 0.726772
160 0.695723
161 0.695723
162 0.695723
163 0.702485
164 0.708953
165 0.715145
166 0.715145
167 0.715145
168 0.715145
169 0.715145
170 0.715145
171 0.715145
172 0.715145
173 0.715145
