0 79.5 79.5 79.5 79.5 79.5 79.5 79.5 79.5 79.5 79.5 79.5 79.5 79.5 79.5 79.5 79.5 79.5 79.5 79.5 79.5 79.5 79.5 79.5 79.5 79.5 79.5 79.5 79.5 79.5 79.5 
1 79 79 79 79 79 79 79 79 79 79 79 79 79 79 79 79 79 79 79 79 79 79 79 79 79 79 79 79 79 79 
2 78.5 78.5 78.5 78.5 78.5 78.5 78.5 78.5 78.5 78.5 78.5 78.5 78.5 78.5 78.5 78.5 78.5 78.5 78.5 78.5 78.5 78.5 78.5 78.5 78.5 78.5 78.5 78.5 78.5 78.5 
3 78 78 78 78 78 78 78 78 78 78 78 78 78 78 78 78 78 78 78 78 78 78 78 78 78 78 78 78 78 78 
4 77.5 77.5 77.5 77.5 77.5 77.5 77.5 77.5 77.5 77.5 77.5 77.5 77.5 77.5 77.5 77.5 77.5 77.5 77.5 77.5 77.5 77.5 77.5 77.5 77.5 77.5 77.5 77.5 77.5 77.5 
5 77 77 77 77 77 77 77 77 77 77 77 77 77 77 77 77 77 77 77 77 77 77 77 77 77 77 77 77 77 77 
6 76.5 76.5 76.5 76.5 76.5 76.5 76.5 76.5 76.5 76.5 76.5 76.5 76.5 76.5 76.5 76.5 76.5 76.5 76.5 76.5 76.5 76.5 76.5 76.5 76.5 76.5 76.5 76.5 76.5 76.5 
7 76 76 76 76 76 76 76 76 76 76 76 76 76 76 76 76 76 76 76 76 76 76 76 76 76 76 76 76 76 76 
8 75.5 75.5 75.5 75.5 75.5 75.5 75.5 75.5 75.5 75.5 75.5 75.5 75.5 75.5 75.5 75.5 75.5 75.5 75.5 75.5 75.5 75.5 75.5 75.5 75.5 75.5 75.5 75.5 75.5 75.5 
9 75 75 75 75 75 75 75 75 75 75 75 75 75 75 75 75 75 75 75 75 75 75 75 75 75 75 75 75 75 75 
10 74.5 74.5 74.5 74.5 74.5 74.5 74.5 74.5 74.5 74.5 74.5 74.5 74.5 74.5 74.5 74.5 74.5 74.5 74.5 74.5 74.5 74.5 74.5 74.5 74.5 74.5 74.5 74.5 74.5 74.5 
11 74 74 74 74 74 74 74 74 74 74 74 74 74 74 74 74 74 74 74 74 74 74 74 74 74 74 74 74 74 74 
12 73.5 73.5 73.5 73.5 73.5 73.5 73.5 73.5 73.5 73.5 73.5 73.5 73.5 73.5 73.5 73.5 73.5 73.5 73.5 73.5 73.5 73.5 73.5 73.5 73.5 73.5 73.5 73.5 73.5 73.5 
13 73 73 73 73 73 73 73 73 73 73 73 73 73 73 73 73 73 73 73 73 73 73 73 73 73 73 73 73 73 73 
14 72.5 72.5 72.5 72.5 72.5 72.5 72.5 72.5 72.5 72.5 72.5 72.5 72.5 72.5 72.5 72.5 72.5 72.5 72.5 72.5 72.5 72.5 72.5 72.5 72.5 72.5 72.5 72.5 72.5 72.5 
15 72 72 72 72 72 72 72 72 72 72 72 72 72 72 72 72 72 72 72 72 72 72 72 72 72 72 72 72 72 72 
16 71.5 71.5 71.5 71.5 71.5 71.5 71.5 71.5 71.5 71.5 71.5 71.5 71.5 71.5 71.5 71.5 71.5 71.5 71.5 71.5 71.5 71.5 71.5 71.5 71.5 71.5 71.5 71.5 71.5 71.5 
17 71 71 71 71 71 71 71 71 71 71 71 71 71 71 71 71 71 71 71 71 71 71 71 71 71 71 71 71 71 71 
18 70.5 70.5 70.5 70.5 70.5 70.5 70.5 70.5 70.5 70.5 70.5 70.5 70.5 70.5 70.5 70.5 70.5 70.5 70.5 70.5 70.5 70.5 70.5 70.5 70.5 70.5 70.5 70.5 70.5 70.5 
19 70 70 70 70 70 70 70 70 70 70 70 70 70 70 70 70 70 70 70 70 70 70 70 70 70 70 70 70 70 70 
20 69.5 69.5 69.5 69.5 69.5 69.5 69.5 69.5 69.5 69.5 69.5 69.5 69.5 69.5 69.5 69.5 69.5 69.5 69.5 69.5 69.5 69.5 69.5 69.5 69.5 69.5 69.5 69.5 69.5 69.5 
21 69 69 69 69 69 69 69 69 69 69 69 69 69 69 69 69 69 69 69 69 69 69 69 69 69 69 69 69 69 69 
22 68.5 68.5 68.5 68.5 68.5 68.5 68.5 68.5 68.5 68.5 68.5 68.5 68.5 68.5 68.5 68.5 68.5 68.5 68.5 68.5 68.5 68.5 68.5 68.5 68.5 68.5 68.5 68.5 68.5 68.5 
23 68 68 68 68 68 68 68 68 68 68 68 68 68 68 68 68 68 68 68 68 68 68 68 68 68 68 68 68 68 68 
24 67.5 67.5 67.5 67.5 67.5 67.5 67.5 67.5 67.5 67.5 67.5 67.5 67.5 67.5 67.5 67.5 67.5 67.5 67.5 67.5 67.5 67.5 67.5 67.5 67.5 67.5 67.5 67.5 67.5 67.5 
25 67 67 67 67 67 67 67 67 67 67 67 67 67 67 67 67 67 67 67 67 67 67 67 67 67 67 67 67 67 67 
26 66.5 66.5 66.5 66.5 66.5 66.5 66.5 66.5 66.5 66.5 66.5 66.5 66.5 66.5 66.5 66.5 66.5 66.5 66.5 66.5 66.5 66.5 66.5 66.5 66.5 66.5 66.5 66.5 66.5 66.5 
27 66 66 66 66 66 66 66 66 66 66 66 66 66 66 66 66 66 66 66 66 66 66 66 66 66 66 66 66 66 66 
28 65.5 65.5 65.5 65.5 65.5 65.5 65.5 65.5 65.5 65.5 65.5 65.5 65.5 65.5 65.5 65.5 65.5 65.5 65.5 65.5 65.5 65.5 65.5 65.5 65.5 65.5 65.5 65.5 65.5 65.5 
29 65 65 65 65 65 65 65 65 65 65 65 65 65 65 65 65 65 65 65 65 65 65 65 65 65 65 65 65 65 65 
30 64.5 64.5 64.5 64.5 64.5 64.5 64.5 64.5 64.5 64.5 64.5 64.5 64.5 64.5 64.5 64.5 64.5 64.5 64.5 64.5 64.5 64.5 64.5 64.5 64.5 64.5 64.5 64.5 64.5 64.5 
31 64 64 64 64 64 64 64 64 64 64 64 64 64 64 64 64 64 64 64 64 64 64 64 64 64 64 64 64 64 64 
32 63.5 63.5 63.5 63.5 63.5 63.5 63.5 63.5 63.5 63.5 63.5 63.5 63.5 63.5 63.5 63.5 63.5 63.5 63.5 63.5 63.5 63.5 63.5 63.5 63.5 63.5 63.5 63.5 63.5 63.5 
33 63 63 63 63 63 63 63 63 63 63 63 63 63 63 63 63 63 63 63 63 63 63 63 63 63 63 63 63 63 63 
34 62.5 62.5 62.5 62.5 62.5 62.5 62.5 62.5 62.5 62.5 62.5 62.5 62.5 62.5 62.5 62.5 62.5 62.5 62.5 62.5 62.5 62.5 62.5 62.5 62.5 62.5 62.5 62.5 62.5 62.5 
35 62 62 62 62 62 62 62 62 62 62 62 62 62 62 62 62 62 62 62 62 62 62 62 62 62 62 62 62 62 62 
36 61.5 61.5 61.5 61.5 61.5 61.5 61.5 61.5 61.5 61.5 61.5 61.5 61.5 61.5 61.5 61.5 61.5 61.5 61.5 61.5 61.5 61.5 61.5 61.5 61.5 61.5 61.5 61.5 61.5 61.5 
37 61 61 61 61 61 61 61 61 61 61 61 61 61 61 61 61 61 61 61 61 61 61 61 61 61 61 61 61 61 61 
38 60.5 60.5 60.5 60.5 60.5 60.5 60.5 60.5 60.5 60.5 60.5 60.5 60.5 60.5 60.5 60.5 60.5 60.5 60.5 60.5 60.5 60.5 60.5 60.5 60.5 60.5 60.5 60.5 60.5 60.5 
39 60 60 60 60 60 60 60 60 60 60 60 60 60 60 60 60 60 60 60 60 60 60 60 60 60 60 60 60 60 60 
40 59.5 59.5 59.5 59.5 59.5 59.5 59.5 59.5 59.5 59.5 59.5 59.5 59.5 59.5 59.5 59.5 59.5 59.5 59.5 59.5 59.5 59.5 59.5 59.5 59.5 59.5 59.5 59.5 59.5 59.5 
41 59 59 59 59 59 59 59 59 59 59 59 59 59 59 59 59 59 59 59 59 59 59 59 59 59 59 59 59 59 59 
42 58.5 58.5 58.5 58.5 58.5 58.5 58.5 58.5 58.5 58.5 58.5 58.5 58.5 58.5 58.5 58.5 58.5 58.5 58.5 58.5 58.5 58.5 58.5 58.5 58.5 58.5 58.5 58.5 58.5 58.5 
43 58 58 58 58 58 58 58 58 58 58 58 58 58 58 58 58 58 58 58 58 58 58 58 58 58 58 58 58 58 58 
44 57.5 57.5 57.5 57.5 57.5 57.5 57.5 57.5 57.5 57.5 57.5 57.5 57.5 57.5 57.5 57.5 57.5 57.5 57.5 57.5 57.5 57.5 57.5 57.5 57.5 57.5 57.5 57.5 57.5 57.5 
45 57 57 57 57 57 57 57 57 57 57 57 57 57 57 57 57 57 57 57 57 57 57 57 57 57 57 57 57 57 57 
46 56.5 56.5 56.5 56.5 56.5 56.5 56.5 56.5 56.5 56.5 56.5 56.5 56.5 56.5 56.5 56.5 56.5 56.5 56.5 56.5 56.5 56.5 56.5 56.5 56.5 56.5 56.5 56.5 56.5 56.5 
47 56 56 56 56 56 56 56 56 56 56 56 56 56 56 56 56 56 56 56 56 56 56 56 56 56 56 56 56 56 56 
48 55.5 55.5 55.5 55.5 55.5 55.5 55.5 55.5 55.5 55.5 55.5 55.5 55.5 55.5 55.5 55.5 55.5 55.5 55.5 55.5 55.5 55.5 55.5 55.5 55.5 55.5 55.5 55.5 55.5 55.5 
49 55 55 55 55 55 55 55 55 55 55 55 55 55 55 55 55 55 55 55 55 55 55 55 55 55 55 55 55 55 55 
50 54.5 54.5 54.5 54.5 54.5 54.5 54.5 54.5 54.5 54.5 54.5 54.5 54.5 54.5 54.5 54.5 54.5 54.5 54.5 54.5 54.5 54.5 54.5 54.5 54.5 54.5 54.5 54.5 54.5 54.5 
51 54 54 54 54 54 54 54 54 54 54 54 54 54 54 54 54 54 54 54 54 54 54 54 54 54 54 54 54 54 54 99.5 
52 53.5 53.5 53.5 53.5 53.5 53.5 53.5 53.5 53.5 53.5 53.5 53.5 53.5 53.5 53.5 53.5 53.5 53.5 53.5 53.5 53.5 53.5 53.5 53.5 53.5 53.5 53.5 53.5 53.5 53.5 99 
53 53 53 53 53 53 53 53 53 53 53 53 53 53 53 53 53 53 53 53 53 53 53 53 53 53 53 53 53 53 53 98.5 99.5 
54 52.5 52.5 52.5 52.5 52.5 52.5 52.5 52.5 52.5 52.5 52.5 52.5 52.5 52.5 52.5 52.5 52.5 52.5 52.5 52.5 52.5 52.5 52.5 52.5 52.5 52.5 52.5 52.5 52.5 52.5 98 99 
55 52 52 52 52 52 52 52 52 52 52 52 52 52 52 52 52 52 52 52 52 52 52 52 52 52 52 52 52 52 52 97.5 98.5 
56 51.5 51.5 51.5 51.5 51.5 51.5 51.5 51.5 51.5 51.5 51.5 51.5 51.5 51.5 51.5 51.5 51.5 51.5 51.5 51.5 51.5 51.5 51.5 51.5 51.5 51.5 51.5 51.5 51.5 51.5 97 98 99.5 99.5 
57 51 51 51 51 51 51 51 51 51 51 51 51 51 51 51 51 51 51 51 51 51 51 51 51 51 51 51 100 51 51 96.5 97.5 99 99 
58 50.5 50.5 50.5 50.5 50.5 50.5 50.5 50.5 50.5 50.5 50.5 50.5 50.5 50.5 50.5 50.5 50.5 50.5 50.5 50.5 50.5 50.5 50.5 50.5 50.5 50.5 50.5 99.5 50.5 50.5 96 97 98.5 98.5 99.5 
59 50 50 50 50 50 50 50 50 50 50 50 50 50 50 50 50 50 50 50 50 50 50 50 50 50 50 50 99 50 50 95.5 96.5 98 98 99 99.5 99.5 
60 49.5 49.5 49.5 49.5 49.5 49.5 49.5 49.5 49.5 49.5 49.5 49.5 49.5 49.5 49.5 49.5 49.5 49.5 49.5 49.5 49.5 49.5 49.5 49.5 49.5 49.5 49.5 98.5 49.5 49.5 95 96 97.5 97.5 98.5 99 99 
61 49 49 49 49 49 49 49 49 49 49 49 49 49 49 49 49 49 100 49 49 49 49 49 49 49 49 49 98 49 49 94.5 95.5 97 97 98 98.5 98.5 99.5 
62 48.5 48.5 48.5 48.5 48.5 48.5 48.5 48.5 48.5 48.5 48.5 48.5 48.5 48.5 48.5 48.5 48.5 99.5 48.5 48.5 48.5 48.5 48.5 48.5 48.5 48.5 48.5 97.5 48.5 48.5 94 95 96.5 96.5 97.5 98 98 99 
63 48 48 48 48 48 48 48 48 48 48 48 48 48 48 48 48 48 99 48 48 48 48 48 48 48 48 48 97 48 48 93.5 94.5 96 96 97 97.5 97.5 98.5 
64 47.5 47.5 47.5 47.5 47.5 47.5 47.5 47.5 47.5 47.5 47.5 47.5 47.5 47.5 47.5 47.5 47.5 98.5 47.5 47.5 47.5 47.5 47.5 47.5 47.5 47.5 47.5 96.5 47.5 47.5 93 94 95.5 95.5 96.5 97 97 98 
65 47 47 47 47 47 47 47 47 47 47 47 47 47 47 47 47 47 98 47 47 47 47 47 47 47 47 47 96 47 47 92.5 93.5 95 95 96 96.5 96.5 97.5 99.5 
66 46.5 46.5 46.5 46.5 46.5 46.5 46.5 46.5 46.5 46.5 46.5 46.5 46.5 46.5 46.5 46.5 46.5 97.5 46.5 46.5 46.5 46.5 46.5 46.5 46.5 46.5 46.5 95.5 46.5 46.5 92 93 94.5 94.5 95.5 96 96 97 99 
67 46 46 46 46 46 46 46 46 46 46 46 46 46 46 46 46 46 97 46 46 46 46 46 46 46 46 46 95 46 46 91.5 92.5 94 94 95 95.5 95.5 96.5 98.5 99.5 
68 45.5 45.5 45.5 45.5 45.5 45.5 45.5 45.5 45.5 45.5 100 45.5 45.5 45.5 45.5 45.5 45.5 96.5 45.5 45.5 45.5 45.5 45.5 45.5 45.5 45.5 45.5 94.5 45.5 45.5 91 92 93.5 93.5 94.5 95 95 96 98 99 
69 45 45 45 45 45 45 45 45 45 45 99.5 45 45 45 45 45 45 96 45 45 45 45 45 45 45 45 45 94 45 45 90.5 91.5 93 93 94 94.5 94.5 95.5 97.5 98.5 
70 44.5 44.5 44.5 44.5 44.5 44.5 44.5 44.5 44.5 44.5 99 44.5 44.5 44.5 44.5 44.5 44.5 95.5 44.5 44.5 44.5 44.5 44.5 44.5 44.5 44.5 44.5 93.5 44.5 44.5 90 91 92.5 92.5 93.5 94 94 95 97 98 
71 44 44 44 44 44 44 44 44 44 44 98.5 44 44 44 44 44 44 95 44 44 44 44 44 44 100 44 44 93 44 44 89.5 90.5 92 92 93 93.5 93.5 94.5 96.5 97.5 
72 43.5 43.5 43.5 43.5 43.5 43.5 43.5 100 43.5 43.5 98 43.5 43.5 43.5 43.5 43.5 43.5 94.5 43.5 43.5 43.5 43.5 43.5 43.5 99.5 43.5 43.5 92.5 43.5 43.5 89 90 91.5 91.5 92.5 93 93 94 96 97 
73 43 43 43 43 43 43 43 99.5 43 43 97.5 43 43 43 43 43 43 94 43 43 43 43 43 43 99 43 43 92 43 43 88.5 89.5 91 91 92 92.5 92.5 93.5 95.5 96.5 
74 42.5 42.5 42.5 42.5 42.5 42.5 42.5 99 42.5 42.5 97 42.5 42.5 42.5 42.5 100 42.5 93.5 42.5 42.5 42.5 42.5 42.5 42.5 98.5 42.5 42.5 91.5 42.5 42.5 88 89 90.5 90.5 91.5 92 92 93 95 96 
75 42 42 42 42 42 42 42 98.5 42 42 96.5 42 42 42 42 99.5 42 93 42 42 42 42 42 42 98 42 42 91 42 42 87.5 88.5 90 90 91 91.5 91.5 92.5 94.5 95.5 
76 41.5 41.5 41.5 41.5 41.5 41.5 41.5 98 41.5 41.5 96 41.5 41.5 41.5 41.5 99 41.5 92.5 41.5 41.5 41.5 41.5 41.5 41.5 97.5 41.5 41.5 90.5 41.5 41.5 87 88 89.5 89.5 90.5 91 91 92 94 95 
77 41 41 41 41 41 41 41 97.5 41 41 95.5 41 41 41 41 98.5 41 92 41 41 41 41 41 41 97 41 41 90 41 41 86.5 87.5 89 89 90 90.5 90.5 91.5 93.5 94.5 
78 40.5 40.5 40.5 40.5 40.5 40.5 40.5 97 40.5 40.5 95 40.5 40.5 40.5 40.5 98 40.5 91.5 40.5 40.5 40.5 40.5 40.5 40.5 96.5 40.5 40.5 89.5 40.5 40.5 86 87 88.5 88.5 89.5 90 90 91 93 94 
79 40 40 40 40 40 40 40 96.5 40 40 94.5 40 40 40 40 97.5 40 91 40 40 40 40 40 40 96 40 40 89 40 40 85.5 86.5 88 88 89 89.5 89.5 90.5 92.5 93.5 
80 39.5 39.5 39.5 39.5 39.5 39.5 39.5 96 39.5 39.5 94 39.5 39.5 39.5 39.5 97 39.5 90.5 39.5 39.5 39.5 39.5 39.5 39.5 95.5 39.5 39.5 88.5 39.5 39.5 85 86 87.5 87.5 88.5 89 89 90 92 93 
81 39 39 39 39 39 39 39 95.5 39 39 93.5 39 39 39 39 96.5 39 90 39 39 39 39 39 39 95 39 39 88 39 39 84.5 85.5 87 87 88 88.5 88.5 89.5 91.5 92.5 99.5 
82 38.5 38.5 38.5 38.5 38.5 38.5 38.5 95 38.5 38.5 93 38.5 38.5 38.5 38.5 96 38.5 89.5 38.5 38.5 38.5 38.5 38.5 38.5 94.5 38.5 38.5 87.5 38.5 38.5 84 85 86.5 86.5 87.5 88 88 89 91 92 99 
83 38 38 38 38 38 38 38 94.5 38 38 92.5 38 38 38 38 95.5 38 89 38 38 38 38 38 38 94 38 38 87 38 38 83.5 84.5 86 86 87 87.5 87.5 88.5 90.5 91.5 98.5 
84 37.5 37.5 37.5 37.5 37.5 37.5 37.5 94 37.5 37.5 92 37.5 37.5 37.5 37.5 95 37.5 88.5 37.5 37.5 37.5 37.5 37.5 37.5 93.5 37.5 37.5 86.5 37.5 37.5 83 84 85.5 85.5 86.5 87 87 88 90 91 98 
85 37 37 37 37 37 37 37 93.5 37 37 91.5 37 37 37 37 94.5 37 88 37 37 37 37 37 37 93 37 37 86 37 37 82.5 83.5 85 85 86 86.5 86.5 87.5 89.5 90.5 97.5 
86 36.5 36.5 36.5 36.5 36.5 36.5 36.5 93 36.5 36.5 91 36.5 36.5 36.5 36.5 94 36.5 87.5 36.5 36.5 36.5 36.5 36.5 36.5 92.5 36.5 36.5 85.5 36.5 36.5 82 83 84.5 84.5 85.5 86 86 87 89 90 97 
87 36 36 36 36 36 36 36 92.5 36 36 90.5 36 36 36 36 93.5 36 87 36 36 36 36 36 36 92 36 36 85 36 36 81.5 82.5 84 84 85 85.5 85.5 86.5 88.5 89.5 96.5 
88 35.5 35.5 35.5 35.5 35.5 35.5 35.5 92 35.5 35.5 90 35.5 35.5 35.5 35.5 93 35.5 86.5 35.5 35.5 35.5 35.5 35.5 35.5 91.5 35.5 35.5 84.5 35.5 35.5 81 82 83.5 83.5 84.5 85 85 86 88 89 96 
89 35 35 35 35 35 35 35 91.5 35 35 89.5 35 35 35 35 92.5 35 86 35 35 35 35 35 35 91 35 35 84 35 35 80.5 81.5 83 83 84 84.5 84.5 85.5 87.5 88.5 95.5 
90 34.5 34.5 34.5 34.5 34.5 34.5 34.5 91 34.5 34.5 89 34.5 34.5 34.5 34.5 92 34.5 85.5 34.5 34.5 34.5 34.5 34.5 34.5 90.5 34.5 34.5 83.5 34.5 34.5 80 81 82.5 82.5 83.5 84 84 85 87 88 95 
91 34 34 34 34 34 34 34 90.5 34 34 88.5 34 34 34 34 91.5 34 85 34 34 34 34 34 34 90 34 34 83 34 34 79.5 80.5 82 82 83 83.5 83.5 84.5 86.5 87.5 94.5 
92 33.5 33.5 33.5 33.5 33.5 33.5 33.5 90 33.5 33.5 88 33.5 33.5 33.5 33.5 91 33.5 84.5 33.5 33.5 33.5 33.5 33.5 33.5 89.5 33.5 33.5 82.5 33.5 33.5 79 80 81.5 81.5 82.5 83 83 84 86 87 94 
93 33 33 33 33 33 33 33 89.5 33 33 87.5 33 33 33 33 90.5 33 84 33 33 33 33 33 33 89 33 33 82 33 33 78.5 79.5 81 81 82 82.5 82.5 83.5 85.5 86.5 93.5 
94 32.5 32.5 32.5 32.5 32.5 32.5 32.5 89 32.5 32.5 87 32.5 32.5 32.5 32.5 90 32.5 83.5 32.5 32.5 32.5 32.5 32.5 32.5 88.5 32.5 32.5 81.5 32.5 32.5 78 79 80.5 80.5 81.5 82 82 83 85 86 93 99.5 
95 32 32 32 32 32 32 32 88.5 32 32 86.5 32 32 32 32 89.5 32 83 32 32 32 32 32 32 88 32 32 81 32 32 77.5 78.5 80 80 81 81.5 81.5 82.5 84.5 85.5 92.5 99 
96 31.5 31.5 31.5 31.5 31.5 31.5 31.5 88 31.5 31.5 86 31.5 31.5 31.5 31.5 89 31.5 82.5 31.5 31.5 31.5 31.5 31.5 31.5 87.5 31.5 31.5 80.5 31.5 31.5 77 78 79.5 79.5 80.5 81 81 82 84 85 92 98.5 
97 31 31 31 31 31 31 31 87.5 31 31 85.5 31 31 31 31 88.5 31 82 31 31 31 31 31 31 87 31 31 80 31 31 76.5 77.5 79 79 80 80.5 80.5 81.5 83.5 84.5 91.5 98 
98 30.5 30.5 30.5 30.5 30.5 30.5 30.5 87 30.5 30.5 85 30.5 30.5 30.5 30.5 88 30.5 81.5 30.5 30.5 30.5 30.5 30.5 30.5 86.5 30.5 30.5 79.5 30.5 30.5 76 77 78.5 78.5 79.5 80 80 81 83 84 91 97.5 
99 30 30 30 30 30 30 30 86.5 30 30 84.5 30 30 30 30 87.5 30 81 30 30 30 30 30 30 86 30 30 79 30 30 75.5 76.5 78 78 79 79.5 79.5 80.5 82.5 83.5 90.5 97 
100 29.5 29.5 29.5 29.5 86 29.5 84 29.5 87 80.5 29.5 29.5 29.5 29.5 85.5 78.5 29.5 75 76 77.5 77.5 78.5 79 79 80 82 83 90 96.5 
101 29 29 29 29 85.5 29 83.5 29 86.5 80 100 29 29 29 85 78 29 74.5 75.5 77 77 78 78.5 78.5 79.5 81.5 82.5 89.5 96 
102 28.5 28.5 28.5 28.5 85 28.5 83 28.5 86 79.5 99.5 28.5 28.5 28.5 84.5 77.5 28.5 74 75 76.5 76.5 77.5 78 78 79 81 82 89 95.5 99.5 
103 28 28 28 28 84.5 28 82.5 28 85.5 79 99 28 28 28 84 77 28 73.5 74.5 76 76 77 77.5 77.5 78.5 80.5 81.5 88.5 95 99 
104 27.5 27.5 27.5 27.5 84 27.5 82 27.5 85 78.5 98.5 27.5 27.5 27.5 83.5 76.5 27.5 73 74 75.5 75.5 76.5 77 77 78 80 81 88 94.5 98.5 
105 27 27 27 27 83.5 27 81.5 27 84.5 78 98 27 27 27 83 76 27 72.5 73.5 75 75 76 76.5 76.5 77.5 79.5 80.5 87.5 94 98 
106 26.5 26.5 26.5 26.5 83 26.5 81 26.5 84 77.5 97.5 26.5 26.5 26.5 82.5 75.5 26.5 72 73 74.5 74.5 75.5 76 76 77 79 80 87 93.5 97.5 
107 26 26 26 26 82.5 26 80.5 26 83.5 77 97 26 26 26 82 75 26 71.5 72.5 74 74 75 75.5 75.5 76.5 78.5 79.5 86.5 93 97 99.5 99.5 
108 25.5 25.5 25.5 25.5 82 25.5 80 25.5 83 76.5 96.5 25.5 25.5 25.5 81.5 74.5 25.5 71 72 73.5 73.5 74.5 75 75 76 78 79 86 92.5 96.5 99 99 
109 25 25 25 25 81.5 25 79.5 25 82.5 76 96 25 25 25 81 74 25 70.5 71.5 73 73 74 74.5 74.5 75.5 77.5 78.5 85.5 92 96 98.5 98.5 
110 24.5 24.5 24.5 24.5 81 24.5 79 24.5 82 75.5 95.5 24.5 24.5 24.5 80.5 73.5 24.5 70 71 72.5 72.5 73.5 74 74 75 77 78 85 91.5 95.5 98 98 
111 24 24 24 24 80.5 24 78.5 24 81.5 75 95 24 24 24 80 73 24 69.5 70.5 72 72 73 73.5 73.5 74.5 76.5 77.5 84.5 91 95 97.5 97.5 99.5 
112 23.5 100 23.5 23.5 80 23.5 78 23.5 81 74.5 94.5 23.5 23.5 23.5 79.5 72.5 23.5 69 70 71.5 71.5 72.5 73 73 74 76 77 84 90.5 94.5 97 97 99 
113 23 99.5 23 23 79.5 23 77.5 23 80.5 74 94 23 23 100 79 72 23 68.5 69.5 71 71 72 72.5 72.5 73.5 75.5 76.5 83.5 90 94 96.5 96.5 98.5 
114 22.5 99 22.5 22.5 79 22.5 77 22.5 80 73.5 93.5 22.5 22.5 99.5 78.5 71.5 22.5 68 69 70.5 70.5 71.5 72 72 73 75 76 83 89.5 93.5 96 96 98 
115 22 98.5 22 22 78.5 22 76.5 22 79.5 73 93 22 22 99 78 71 22 67.5 68.5 70 70 71 71.5 71.5 72.5 74.5 75.5 82.5 89 93 95.5 95.5 97.5 99.5 
116 21.5 98 21.5 21.5 78 21.5 76 21.5 79 72.5 92.5 21.5 21.5 98.5 77.5 70.5 21.5 67 68 69.5 69.5 70.5 71 71 72 74 75 82 88.5 92.5 95 95 97 99 
117 21 97.5 21 21 77.5 21 75.5 21 78.5 72 92 21 21 98 77 70 21 66.5 67.5 69 69 70 70.5 70.5 71.5 73.5 74.5 81.5 88 92 94.5 94.5 96.5 98.5 
118 20.5 97 20.5 20.5 77 20.5 75 20.5 78 71.5 91.5 20.5 20.5 97.5 76.5 69.5 20.5 66 67 68.5 68.5 69.5 70 70 71 73 74 81 87.5 91.5 94 94 96 98 
119 20 96.5 20 20 76.5 20 74.5 20 77.5 71 91 20 20 97 76 69 20 65.5 66.5 68 68 69 69.5 69.5 70.5 72.5 73.5 80.5 87 91 93.5 93.5 95.5 97.5 
120 19.5 96 100 19.5 76 19.5 74 19.5 77 70.5 90.5 19.5 100 96.5 75.5 68.5 19.5 65 66 67.5 67.5 68.5 69 69 70 72 73 80 86.5 90.5 93 93 95 97 
121 19 95.5 99.5 19 75.5 19 73.5 19 76.5 70 90 19 99.5 96 75 68 19 64.5 65.5 67 67 68 68.5 68.5 69.5 71.5 72.5 79.5 86 90 92.5 92.5 94.5 96.5 
122 18.5 95 99 18.5 75 18.5 73 18.5 76 69.5 89.5 18.5 99 95.5 74.5 67.5 18.5 64 65 66.5 66.5 67.5 68 68 69 71 72 79 85.5 89.5 92 92 94 96 
123 18 94.5 98.5 18 74.5 18 72.5 18 75.5 69 89 18 98.5 95 74 67 18 63.5 64.5 66 66 67 67.5 67.5 68.5 70.5 71.5 78.5 85 89 91.5 91.5 93.5 95.5 
124 17.5 94 98 17.5 74 17.5 72 17.5 75 68.5 88.5 17.5 98 94.5 73.5 66.5 17.5 63 64 65.5 65.5 66.5 67 67 68 70 71 78 84.5 88.5 91 91 93 95 
125 17 93.5 97.5 17 73.5 17 71.5 17 74.5 68 88 17 97.5 94 73 66 17 62.5 63.5 65 65 66 66.5 66.5 67.5 69.5 70.5 77.5 84 88 90.5 90.5 92.5 94.5 
126 16.5 93 97 16.5 73 16.5 71 16.5 74 67.5 87.5 16.5 97 93.5 72.5 65.5 16.5 62 63 64.5 64.5 65.5 66 66 67 69 70 77 83.5 87.5 90 90 92 94 
127 16 92.5 96.5 16 72.5 16 70.5 16 73.5 67 87 16 96.5 93 72 65 16 61.5 62.5 64 64 65 65.5 65.5 66.5 68.5 69.5 76.5 83 87 89.5 89.5 91.5 93.5 
128 15.5 92 96 15.5 72 15.5 70 15.5 73 66.5 86.5 15.5 96 92.5 71.5 64.5 15.5 61 62 63.5 63.5 64.5 65 65 66 68 69 76 82.5 86.5 89 89 91 93 
129 15 91.5 95.5 15 71.5 15 69.5 15 72.5 66 86 15 95.5 92 71 64 15 60.5 61.5 63 63 64 64.5 64.5 65.5 67.5 68.5 75.5 82 86 88.5 88.5 90.5 92.5 
130 14.5 91 95 14.5 71 14.5 69 14.5 72 65.5 85.5 14.5 95 91.5 70.5 63.5 14.5 60 61 62.5 62.5 63.5 64 64 65 67 68 75 81.5 85.5 88 88 90 92 
131 14 90.5 94.5 14 70.5 14 68.5 14 71.5 65 85 14 94.5 91 70 63 14 59.5 60.5 62 62 63 63.5 63.5 64.5 66.5 67.5 74.5 81 85 87.5 87.5 89.5 91.5 
132 13.5 90 94 13.5 70 13.5 68 13.5 71 64.5 84.5 13.5 94 90.5 69.5 62.5 13.5 59 60 61.5 61.5 62.5 63 63 64 66 67 74 80.5 84.5 87 87 89 91 99.5 
133 13 89.5 93.5 13 69.5 13 67.5 13 70.5 64 84 100 93.5 90 69 62 13 58.5 59.5 61 61 62 62.5 62.5 63.5 65.5 66.5 73.5 80 84 86.5 86.5 88.5 90.5 99 99.5 
134 12.5 89 93 12.5 69 12.5 67 12.5 70 63.5 83.5 99.5 93 89.5 68.5 61.5 12.5 58 59 60.5 60.5 61.5 62 62 63 65 66 73 79.5 83.5 86 86 88 90 98.5 99 
135 12 88.5 92.5 12 68.5 12 66.5 12 69.5 63 83 99 92.5 89 68 61 12 57.5 58.5 60 60 61 61.5 61.5 62.5 64.5 65.5 72.5 79 83 85.5 85.5 87.5 89.5 98 98.5 
136 11.5 88 92 11.5 68 11.5 66 11.5 69 62.5 82.5 98.5 92 88.5 67.5 60.5 11.5 57 58 59.5 59.5 60.5 61 61 62 64 65 72 78.5 82.5 85 85 87 89 97.5 98 
137 11 87.5 91.5 11 67.5 11 65.5 11 68.5 62 82 98 91.5 88 67 60 11 56.5 57.5 59 59 60 60.5 60.5 61.5 63.5 64.5 71.5 78 82 84.5 84.5 86.5 88.5 97 97.5 
138 10.5 87 91 10.5 67 10.5 65 10.5 68 61.5 81.5 97.5 91 87.5 66.5 59.5 10.5 56 57 58.5 58.5 59.5 60 60 61 63 64 100 77.5 81.5 84 84 86 88 96.5 97 
139 10 86.5 90.5 10 66.5 10 64.5 10 67.5 61 81 97 90.5 87 66 59 10 55.5 56.5 58 58 59 59.5 59.5 60.5 62.5 63.5 99.5 77 81 83.5 83.5 85.5 87.5 96 96.5 
140 9.5 86 90 9.5 66 9.5 64 9.5 67 60.5 80.5 96.5 90 86.5 65.5 58.5 9.5 55 56 57.5 57.5 58.5 59 59 60 62 63 99 76.5 80.5 83 83 85 87 95.5 96 
141 9 85.5 89.5 9 65.5 9 63.5 9 66.5 60 80 96 89.5 86 65 58 9 54.5 55.5 57 57 58 58.5 58.5 59.5 61.5 62.5 98.5 76 80 82.5 82.5 84.5 86.5 95 95.5 
142 8.5 85 89 8.5 65 8.5 63 8.5 66 59.5 79.5 95.5 89 85.5 64.5 57.5 8.5 54 55 56.5 56.5 57.5 58 58 59 61 62 98 75.5 79.5 82 82 84 86 94.5 95 
143 8 84.5 88.5 8 64.5 8 62.5 8 65.5 59 79 95 88.5 85 64 57 8 53.5 54.5 56 56 57 57.5 57.5 58.5 60.5 61.5 97.5 75 79 81.5 81.5 83.5 85.5 94 94.5 
144 7.5 84 88 7.5 64 7.5 62 7.5 65 58.5 78.5 94.5 88 84.5 63.5 56.5 7.5 53 54 55.5 55.5 56.5 57 57 58 60 61 97 74.5 78.5 81 81 83 85 93.5 94 
145 7 83.5 87.5 7 63.5 7 61.5 7 64.5 58 78 94 87.5 84 63 56 7 52.5 53.5 55 55 56 56.5 56.5 57.5 59.5 60.5 96.5 74 78 80.5 80.5 82.5 84.5 93 93.5 
146 6.5 83 87 6.5 63 6.5 61 6.5 64 57.5 77.5 93.5 87 83.5 62.5 55.5 6.5 52 53 54.5 54.5 55.5 56 56 57 59 60 96 73.5 77.5 80 80 82 84 92.5 93 
147 6 82.5 86.5 6 62.5 6 60.5 6 63.5 57 77 93 86.5 83 62 55 6 51.5 52.5 54 54 55 55.5 55.5 56.5 58.5 59.5 95.5 73 77 79.5 79.5 81.5 83.5 92 92.5 
148 5.5 82 86 5.5 62 5.5 60 5.5 63 56.5 76.5 92.5 86 82.5 61.5 54.5 5.5 51 52 53.5 53.5 54.5 55 55 56 58 59 95 72.5 76.5 79 79 81 83 91.5 92 
149 5 81.5 85.5 5 61.5 5 59.5 5 62.5 56 76 92 85.5 82 61 54 5 50.5 51.5 53 53 54 54.5 54.5 55.5 57.5 58.5 94.5 72 76 78.5 78.5 80.5 82.5 91 91.5 
150 4.5 81 85 4.5 61 4.5 59 4.5 62 55.5 75.5 91.5 85 81.5 60.5 53.5 4.5 50 51 52.5 52.5 53.5 54 54 55 57 58 94 71.5 75.5 78 78 80 82 90.5 91 
151 4 80.5 84.5 4 60.5 4 58.5 4 61.5 55 75 91 84.5 81 60 53 4 49.5 50.5 52 52 53 53.5 53.5 54.5 56.5 57.5 93.5 71 75 77.5 77.5 79.5 81.5 90 90.5 
152 3.5 80 84 3.5 60 3.5 58 3.5 61 54.5 74.5 90.5 84 80.5 59.5 52.5 3.5 49 50 51.5 51.5 52.5 53 53 54 56 57 93 70.5 74.5 77 77 79 81 89.5 90 
153 3 79.5 83.5 3 59.5 3 57.5 3 60.5 54 74 90 83.5 80 59 52 3 48.5 49.5 51 51 52 52.5 52.5 53.5 55.5 56.5 92.5 70 74 76.5 76.5 78.5 80.5 89 89.5 
154 2.5 79 83 2.5 59 2.5 57 2.5 60 53.5 73.5 89.5 83 79.5 58.5 51.5 2.5 48 49 50.5 50.5 51.5 52 52 53 55 56 92 69.5 73.5 76 76 78 80 88.5 89 
155 2 78.5 82.5 2 58.5 2 56.5 2 59.5 53 73 89 82.5 79 58 51 2 47.5 48.5 50 50 51 51.5 51.5 52.5 54.5 55.5 91.5 69 73 75.5 75.5 77.5 79.5 88 88.5 
156 1.5 78 82 1.5 58 1.5 56 1.5 59 52.5 72.5 88.5 82 78.5 57.5 50.5 1.5 47 48 49.5 49.5 50.5 51 51 52 54 55 91 68.5 72.5 75 75 77 79 87.5 88 
157 1 77.5 81.5 1 57.5 1 55.5 1 58.5 52 72 88 81.5 78 57 50 1 46.5 47.5 49 49 50 50.5 50.5 51.5 53.5 54.5 90.5 68 72 74.5 74.5 76.5 78.5 87 87.5 
158 0.5 77 81 0.5 57 0.5 55 0.5 58 51.5 71.5 87.5 81 77.5 56.5 49.5 0.5 46 47 48.5 48.5 49.5 50 50 51 53 54 90 67.5 71.5 74 74 76 78 86.5 87 99.5 
159 0 76.5 80.5 0 56.5 0 54.5 0 57.5 51 71 87 80.5 77 56 49 0 45.5 46.5 48 48 49 49.5 49.5 50.5 52.5 53.5 89.5 67 71 73.5 73.5 75.5 77.5 86 86.5 99 99.5 
160 76 80 56 54 57 50.5 70.5 86.5 80 76.5 55.5 48.5 45 46 47.5 47.5 48.5 49 49 50 52 53 89 66.5 70.5 73 73 75 77 85.5 86 98.5 99 
161 75.5 79.5 55.5 53.5 56.5 50 70 86 79.5 76 55 48 44.5 45.5 47 47 48 48.5 48.5 49.5 51.5 52.5 88.5 66 70 72.5 72.5 74.5 76.5 85 85.5 98 98.5 
162 75 79 55 53 56 49.5 69.5 85.5 79 75.5 54.5 47.5 44 45 46.5 46.5 47.5 48 48 49 51 52 88 65.5 69.5 72 72 74 76 84.5 85 97.5 98 99.5 
163 74.5 78.5 54.5 52.5 55.5 49 69 85 78.5 75 54 47 43.5 44.5 46 46 47 47.5 47.5 48.5 50.5 51.5 87.5 65 69 71.5 71.5 73.5 75.5 84 84.5 97 97.5 99 
164 74 78 54 52 55 48.5 68.5 84.5 78 74.5 53.5 46.5 43 44 45.5 45.5 46.5 47 47 48 50 51 87 64.5 68.5 71 71 73 75 83.5 84 96.5 97 98.5 
165 73.5 77.5 53.5 51.5 54.5 48 68 84 77.5 74 53 46 42.5 43.5 45 45 46 46.5 46.5 47.5 49.5 50.5 86.5 64 68 70.5 70.5 72.5 74.5 83 83.5 96 96.5 98 
166 73 77 53 51 54 47.5 67.5 83.5 77 73.5 52.5 45.5 42 43 44.5 44.5 45.5 46 46 47 49 50 86 63.5 67.5 70 70 72 74 82.5 83 95.5 96 97.5 99.5 
167 72.5 76.5 52.5 50.5 53.5 47 67 83 76.5 73 52 45 41.5 42.5 44 44 45 45.5 45.5 46.5 48.5 49.5 85.5 63 67 69.5 69.5 71.5 73.5 82 82.5 95 95.5 97 99 
168 72 76 52 50 53 46.5 66.5 82.5 76 72.5 51.5 44.5 41 42 43.5 43.5 44.5 45 45 46 48 49 85 62.5 66.5 69 69 71 73 81.5 82 94.5 95 96.5 98.5 
169 71.5 75.5 51.5 49.5 52.5 46 66 82 75.5 72 51 44 40.5 41.5 43 43 44 44.5 44.5 45.5 47.5 48.5 84.5 62 66 68.5 68.5 70.5 72.5 81 81.5 94 94.5 96 98 
170 71 75 51 49 52 45.5 65.5 81.5 75 71.5 50.5 43.5 40 41 42.5 42.5 43.5 44 44 45 47 48 84 61.5 65.5 68 68 70 72 80.5 81 93.5 94 95.5 97.5 
171 70.5 74.5 50.5 48.5 51.5 45 65 81 74.5 71 50 43 39.5 40.5 42 42 43 43.5 43.5 44.5 46.5 47.5 83.5 61 65 67.5 67.5 69.5 71.5 80 80.5 93 93.5 95 97 
172 70 74 50 48 51 44.5 64.5 80.5 74 70.5 49.5 42.5 39 40 100 41.5 42.5 43 43 44 46 47 83 60.5 64.5 67 67 69 71 79.5 80 92.5 93 94.5 96.5 
173 69.5 73.5 49.5 47.5 50.5 44 64 80 73.5 70 49 42 38.5 39.5 99.5 41 42 42.5 42.5 43.5 45.5 46.5 82.5 60 64 66.5 66.5 68.5 70.5 79 79.5 92 92.5 94 96 
174 69 73 49 47 50 43.5 63.5 79.5 73 69.5 48.5 41.5 38 39 99 40.5 41.5 42 42 43 45 46 82 59.5 63.5 66 66 68 70 78.5 79 91.5 92 93.5 95.5 
175 68.5 72.5 48.5 46.5 49.5 43 63 79 72.5 69 48 41 37.5 38.5 98.5 40 41 41.5 41.5 42.5 44.5 45.5 81.5 59 63 65.5 65.5 67.5 69.5 78 78.5 91 91.5 93 95 
176 68 72 48 46 49 42.5 62.5 78.5 72 68.5 47.5 40.5 37 38 98 39.5 40.5 41 41 42 44 45 81 58.5 62.5 65 65 67 69 77.5 78 90.5 91 92.5 94.5 
177 67.5 71.5 47.5 45.5 48.5 42 62 78 71.5 68 47 40 36.5 37.5 97.5 39 40 40.5 40.5 41.5 43.5 44.5 80.5 58 62 64.5 64.5 66.5 68.5 77 77.5 90 90.5 92 94 
178 67 71 47 45 48 41.5 61.5 77.5 71 67.5 46.5 39.5 36 37 97 38.5 39.5 40 40 41 43 44 80 57.5 61.5 64 64 66 68 76.5 77 89.5 90 91.5 93.5 
179 66.5 70.5 46.5 44.5 47.5 41 61 77 70.5 67 46 39 35.5 36.5 96.5 38 39 39.5 39.5 40.5 42.5 43.5 79.5 57 61 63.5 63.5 65.5 67.5 76 76.5 89 89.5 91 93 
180 66 70 46 44 47 40.5 60.5 76.5 70 66.5 45.5 38.5 35 36 96 37.5 38.5 39 39 40 42 43 79 56.5 60.5 63 63 65 67 75.5 76 88.5 89 90.5 92.5 
181 65.5 69.5 45.5 43.5 46.5 40 60 76 69.5 66 45 38 34.5 35.5 95.5 37 38 38.5 38.5 39.5 41.5 42.5 78.5 56 60 62.5 62.5 64.5 66.5 75 75.5 88 88.5 90 92 
182 65 69 45 43 46 39.5 59.5 75.5 69 65.5 44.5 37.5 34 35 95 36.5 37.5 38 38 39 41 42 78 55.5 59.5 62 62 64 66 74.5 75 87.5 88 89.5 91.5 
183 64.5 68.5 44.5 42.5 45.5 39 59 75 68.5 65 44 37 33.5 34.5 94.5 36 37 37.5 37.5 38.5 40.5 41.5 77.5 55 59 61.5 61.5 63.5 65.5 74 74.5 87 87.5 89 91 
184 64 68 44 42 45 38.5 58.5 74.5 68 64.5 43.5 36.5 33 34 94 35.5 36.5 37 37 38 40 41 77 54.5 58.5 61 61 63 65 73.5 74 86.5 87 88.5 90.5 
185 63.5 67.5 43.5 41.5 44.5 38 58 74 67.5 64 43 36 32.5 33.5 93.5 35 36 36.5 36.5 37.5 39.5 40.5 76.5 54 58 60.5 60.5 62.5 64.5 73 73.5 86 86.5 88 90 
186 63 67 43 41 44 37.5 57.5 73.5 67 63.5 42.5 35.5 32 33 93 34.5 35.5 36 36 37 39 40 76 53.5 57.5 60 60 62 64 72.5 73 85.5 86 87.5 89.5 
187 62.5 66.5 42.5 40.5 43.5 37 57 73 66.5 63 42 35 31.5 32.5 92.5 34 35 35.5 35.5 36.5 38.5 39.5 75.5 53 57 59.5 59.5 61.5 63.5 72 72.5 85 85.5 87 89 
188 62 66 42 40 43 36.5 56.5 72.5 66 62.5 41.5 34.5 31 32 92 33.5 34.5 35 35 36 38 39 75 52.5 56.5 59 59 61 63 71.5 72 84.5 85 86.5 88.5 99.5 
189 61.5 65.5 41.5 39.5 42.5 36 56 72 65.5 62 41 34 30.5 31.5 91.5 33 34 34.5 34.5 35.5 37.5 38.5 74.5 52 56 58.5 58.5 60.5 62.5 71 71.5 84 84.5 86 88 99 
190 61 65 41 39 42 35.5 55.5 71.5 65 61.5 40.5 33.5 30 31 91 32.5 33.5 34 34 35 37 38 74 51.5 55.5 58 58 60 62 70.5 71 83.5 84 85.5 87.5 98.5 
191 60.5 64.5 40.5 38.5 41.5 35 55 71 64.5 61 40 33 29.5 30.5 90.5 32 33 33.5 33.5 34.5 36.5 37.5 73.5 51 55 57.5 57.5 59.5 61.5 70 70.5 83 83.5 85 87 98 
192 60 64 40 38 41 34.5 54.5 70.5 64 60.5 39.5 32.5 29 30 90 31.5 32.5 33 33 34 36 37 73 50.5 54.5 57 57 59 61 69.5 70 82.5 83 84.5 86.5 97.5 
193 59.5 63.5 39.5 37.5 40.5 34 54 70 63.5 60 39 32 28.5 29.5 89.5 31 32 32.5 32.5 33.5 35.5 36.5 72.5 50 54 56.5 56.5 58.5 60.5 69 69.5 82 82.5 84 86 97 
194 59 63 39 37 40 33.5 53.5 69.5 63 59.5 38.5 31.5 28 29 89 30.5 31.5 32 32 33 35 36 72 49.5 53.5 56 56 58 60 68.5 69 81.5 82 83.5 85.5 96.5 
195 58.5 62.5 38.5 36.5 39.5 33 53 69 62.5 59 38 31 27.5 28.5 88.5 30 31 31.5 31.5 32.5 34.5 35.5 71.5 49 53 55.5 55.5 57.5 59.5 68 68.5 81 81.5 83 85 96 
196 58 62 38 36 39 32.5 52.5 68.5 62 58.5 37.5 30.5 27 28 88 29.5 30.5 31 31 32 34 35 71 48.5 52.5 55 55 57 59 67.5 68 80.5 81 82.5 84.5 95.5 
197 57.5 61.5 37.5 35.5 38.5 32 52 68 61.5 58 37 30 26.5 27.5 87.5 29 30 30.5 30.5 31.5 33.5 34.5 70.5 48 52 54.5 54.5 56.5 58.5 67 67.5 80 80.5 82 84 95 
198 57 61 37 35 38 31.5 51.5 67.5 61 57.5 36.5 29.5 26 27 87 28.5 29.5 30 30 31 33 34 70 47.5 51.5 54 54 56 58 66.5 67 79.5 80 81.5 83.5 94.5 
199 56.5 60.5 36.5 34.5 37.5 31 51 67 60.5 57 36 29 25.5 26.5 86.5 28 29 29.5 29.5 30.5 32.5 33.5 69.5 47 51 53.5 53.5 55.5 57.5 66 66.5 79 79.5 81 83 94 
200 56 60 36 34 37 30.5 50.5 66.5 60 56.5 35.5 28.5 25 26 86 27.5 28.5 29 29 30 32 33 69 46.5 50.5 53 53 55 57 65.5 66 78.5 79 80.5 82.5 93.5 
201 55.5 59.5 35.5 33.5 36.5 30 50 66 59.5 56 35 28 24.5 25.5 85.5 27 28 28.5 28.5 29.5 31.5 32.5 68.5 46 50 52.5 52.5 54.5 56.5 65 65.5 78 78.5 80 82 93 
202 55 59 35 33 36 29.5 49.5 65.5 59 55.5 34.5 27.5 24 25 85 26.5 27.5 28 28 29 31 32 68 45.5 49.5 52 52 54 56 64.5 65 77.5 78 79.5 81.5 92.5 
203 54.5 58.5 34.5 32.5 35.5 29 49 65 58.5 55 34 27 23.5 24.5 84.5 26 27 27.5 27.5 28.5 30.5 31.5 67.5 45 49 51.5 51.5 53.5 55.5 64 64.5 77 77.5 79 81 92 99.5 
204 54 58 34 32 35 28.5 48.5 64.5 58 54.5 33.5 26.5 23 24 84 25.5 26.5 27 27 28 30 31 67 44.5 48.5 51 51 53 55 63.5 64 76.5 77 78.5 80.5 91.5 99 
205 53.5 57.5 33.5 31.5 34.5 28 48 64 57.5 54 33 26 22.5 23.5 83.5 25 26 26.5 26.5 27.5 29.5 30.5 66.5 44 48 50.5 50.5 52.5 54.5 63 63.5 76 76.5 78 80 91 98.5 
206 53 57 33 31 34 27.5 47.5 63.5 57 53.5 32.5 25.5 22 23 83 24.5 25.5 26 26 27 29 30 66 43.5 47.5 50 50 52 54 62.5 63 75.5 76 77.5 79.5 90.5 98 
207 52.5 56.5 32.5 30.5 33.5 27 47 63 56.5 53 32 25 21.5 22.5 82.5 24 25 25.5 25.5 26.5 28.5 29.5 65.5 43 47 49.5 49.5 51.5 53.5 62 62.5 75 75.5 77 79 90 97.5 
208 52 56 32 30 33 26.5 46.5 62.5 56 52.5 31.5 24.5 21 22 82 23.5 24.5 25 25 26 28 29 65 42.5 46.5 49 49 51 53 61.5 62 74.5 75 76.5 78.5 89.5 97 
209 51.5 55.5 31.5 29.5 32.5 26 46 62 55.5 31 24 20.5 21.5 81.5 23 24 24.5 24.5 25.5 27.5 28.5 64.5 42 46 48.5 48.5 50.5 52.5 61 61.5 74 74.5 76 78 89 96.5 99.5 
210 51 55 31 29 32 25.5 45.5 61.5 55 30.5 23.5 20 21 81 22.5 23.5 24 24 25 27 28 64 41.5 45.5 48 48 50 52 60.5 61 73.5 74 75.5 77.5 88.5 96 99 99.5 
211 50.5 54.5 30.5 28.5 31.5 25 45 61 54.5 30 23 19.5 20.5 80.5 22 23 23.5 23.5 24.5 26.5 27.5 63.5 41 45 47.5 47.5 49.5 51.5 60 60.5 73 73.5 75 77 88 95.5 98.5 99 
212 50 54 30 28 31 24.5 44.5 60.5 54 29.5 22.5 19 20 80 21.5 22.5 23 23 24 26 27 63 40.5 44.5 47 47 49 51 59.5 60 72.5 73 74.5 76.5 87.5 95 98 98.5 
213 49.5 53.5 29.5 27.5 30.5 24 44 60 53.5 29 22 18.5 19.5 79.5 21 22 22.5 22.5 23.5 25.5 26.5 100 40 44 100 46.5 48.5 50.5 59 59.5 72 72.5 74 76 87 94.5 97.5 98 
214 49 53 29 27 23.5 43.5 59.5 53 28.5 21.5 18 19 79 20.5 21.5 22 22 23 25 26 99.5 39.5 43.5 99.5 46 48 50 58.5 59 71.5 72 73.5 75.5 86.5 94 97 97.5 
215 48.5 52.5 26.5 23 43 59 52.5 28 21 17.5 18.5 78.5 20 21 21.5 21.5 22.5 24.5 25.5 99 39 43 99 45.5 47.5 49.5 58 58.5 71 71.5 73 75 86 93.5 96.5 97 
216 48 52 26 22.5 42.5 58.5 52 27.5 20.5 17 18 78 19.5 20.5 21 21 22 24 25 98.5 38.5 42.5 98.5 45 47 49 57.5 58 70.5 71 72.5 74.5 85.5 93 96 96.5 
217 47.5 51.5 25.5 22 42 58 51.5 27 20 16.5 17.5 77.5 19 20 20.5 20.5 21.5 23.5 24.5 98 38 42 98 44.5 46.5 48.5 57 57.5 70 70.5 72 74 85 92.5 95.5 96 
218 47 51 25 21.5 41.5 57.5 51 26.5 19.5 16 17 77 18.5 19.5 20 20 21 23 24 97.5 37.5 41.5 97.5 44 46 48 56.5 57 69.5 70 71.5 73.5 84.5 92 95 95.5 
219 46.5 50.5 24.5 21 41 57 50.5 26 19 15.5 16.5 76.5 18 19 19.5 19.5 20.5 22.5 23.5 97 37 41 97 43.5 45.5 47.5 56 56.5 69 69.5 71 73 84 91.5 94.5 95 
220 46 50 20.5 40.5 56.5 50 25.5 18.5 15 16 76 17.5 18.5 19 19 20 22 23 96.5 36.5 40.5 96.5 43 45 47 55.5 56 68.5 69 70.5 72.5 83.5 91 94 94.5 
221 45.5 49.5 20 40 56 49.5 25 18 14.5 15.5 75.5 17 18 18.5 18.5 19.5 21.5 22.5 96 36 40 96 42.5 44.5 46.5 55 55.5 68 68.5 70 72 83 90.5 93.5 94 99.5 
222 45 49 19.5 39.5 55.5 49 24.5 17.5 14 15 75 16.5 17.5 18 18 19 21 22 95.5 35.5 39.5 95.5 42 44 46 54.5 55 67.5 68 69.5 71.5 82.5 90 93 93.5 99 
223 44.5 48.5 100 39 55 48.5 24 17 100 14.5 74.5 16 17 17.5 17.5 18.5 20.5 21.5 95 35 39 95 41.5 43.5 45.5 54 54.5 67 67.5 69 71 82 89.5 92.5 93 98.5 
224 44 48 99.5 38.5 54.5 48 23.5 16.5 99.5 14 74 15.5 16.5 17 17 18 20 21 94.5 34.5 38.5 94.5 41 43 45 53.5 54 66.5 67 68.5 70.5 81.5 89 92 92.5 98 
225 43.5 47.5 99 38 54 47.5 23 16 99 13.5 73.5 15 16 16.5 16.5 17.5 19.5 20.5 94 34 38 94 40.5 42.5 44.5 53 53.5 66 66.5 68 70 81 88.5 91.5 92 97.5 99.5 
226 43 47 98.5 37.5 53.5 47 22.5 15.5 98.5 13 73 14.5 15.5 16 16 17 19 20 93.5 33.5 37.5 93.5 40 42 44 52.5 53 65.5 66 67.5 69.5 80.5 88 91 91.5 97 99 
227 42.5 46.5 98 37 53 46.5 22 15 98 12.5 72.5 14 15 15.5 15.5 16.5 18.5 19.5 93 33 37 93 39.5 41.5 43.5 52 52.5 65 65.5 67 69 80 87.5 90.5 91 96.5 98.5 
228 42 46 97.5 36.5 52.5 46 21.5 14.5 97.5 12 72 13.5 14.5 15 15 16 18 19 92.5 32.5 36.5 92.5 39 41 43 51.5 52 64.5 65 66.5 68.5 79.5 87 90 90.5 96 98 
229 41.5 45.5 97 36 52 45.5 21 14 97 11.5 71.5 13 14 14.5 14.5 15.5 17.5 18.5 92 32 36 92 38.5 40.5 42.5 51 51.5 64 64.5 66 68 79 86.5 89.5 90 95.5 97.5 
230 41 45 96.5 35.5 51.5 45 20.5 13.5 96.5 11 71 12.5 13.5 14 14 15 17 18 91.5 31.5 35.5 91.5 38 40 42 50.5 51 63.5 64 65.5 67.5 78.5 86 89 89.5 95 97 
231 40.5 44.5 96 35 51 44.5 20 13 96 10.5 70.5 12 13 13.5 13.5 14.5 16.5 17.5 91 31 35 91 37.5 39.5 41.5 50 50.5 63 63.5 65 67 78 85.5 88.5 89 94.5 96.5 
232 40 44 95.5 34.5 50.5 44 19.5 12.5 95.5 10 70 11.5 12.5 13 13 14 16 17 90.5 30.5 34.5 90.5 37 39 41 49.5 50 62.5 63 64.5 66.5 77.5 85 88 88.5 94 96 
233 39.5 43.5 95 34 50 43.5 19 12 95 9.5 69.5 11 12 12.5 12.5 13.5 15.5 16.5 90 30 34 90 36.5 38.5 40.5 49 49.5 62 62.5 64 66 77 84.5 87.5 88 93.5 95.5 
234 39 43 94.5 33.5 49.5 43 18.5 11.5 94.5 9 69 10.5 11.5 12 12 13 15 16 89.5 29.5 33.5 89.5 36 38 40 48.5 49 61.5 62 63.5 65.5 76.5 84 87 87.5 93 95 
235 38.5 42.5 94 33 49 42.5 18 11 94 8.5 68.5 10 11 11.5 11.5 12.5 14.5 15.5 89 29 33 89 35.5 37.5 39.5 48 48.5 61 61.5 63 65 76 83.5 86.5 87 92.5 94.5 
236 38 42 93.5 32.5 48.5 42 17.5 10.5 93.5 8 68 9.5 10.5 11 11 12 14 15 88.5 28.5 32.5 88.5 35 37 39 47.5 48 60.5 61 62.5 64.5 75.5 83 86 86.5 92 94 
237 37.5 41.5 93 32 48 41.5 17 10 93 7.5 67.5 9 10 10.5 10.5 11.5 13.5 14.5 88 28 32 88 34.5 36.5 38.5 47 47.5 60 60.5 62 64 75 82.5 85.5 86 91.5 93.5 
238 37 41 92.5 31.5 47.5 41 16.5 9.5 92.5 7 67 8.5 9.5 10 10 11 13 14 87.5 27.5 31.5 87.5 34 36 38 46.5 47 59.5 60 61.5 63.5 74.5 82 85 85.5 91 93 
239 36.5 40.5 92 31 47 40.5 16 9 92 6.5 66.5 8 9 9.5 9.5 10.5 12.5 13.5 87 27 31 87 33.5 35.5 37.5 46 46.5 59 59.5 61 63 74 81.5 84.5 85 90.5 92.5 
240 36 40 91.5 30.5 46.5 40 15.5 8.5 91.5 6 66 7.5 8.5 9 9 10 12 13 86.5 26.5 30.5 86.5 33 35 37 45.5 46 58.5 59 60.5 62.5 73.5 81 84 84.5 90 92 
241 35.5 39.5 91 30 46 39.5 15 8 91 5.5 65.5 7 8 8.5 8.5 9.5 11.5 12.5 86 26 30 86 32.5 34.5 36.5 45 45.5 58 58.5 60 62 73 80.5 83.5 84 89.5 91.5 
242 35 39 90.5 29.5 45.5 39 14.5 7.5 90.5 5 65 6.5 7.5 8 8 9 11 12 85.5 25.5 29.5 85.5 32 34 36 44.5 45 57.5 58 59.5 61.5 72.5 80 83 83.5 89 91 
243 34.5 38.5 90 29 45 38.5 14 7 90 4.5 64.5 6 7 7.5 7.5 8.5 10.5 11.5 85 25 29 85 31.5 33.5 35.5 44 44.5 57 57.5 59 61 72 79.5 82.5 83 88.5 90.5 
244 34 38 89.5 28.5 44.5 38 13.5 6.5 89.5 4 64 5.5 6.5 7 7 8 10 11 84.5 24.5 28.5 84.5 31 33 35 43.5 44 56.5 57 58.5 60.5 71.5 79 82 82.5 88 90 99.5 
245 33.5 37.5 89 28 44 37.5 13 6 89 3.5 63.5 5 6 6.5 6.5 7.5 9.5 10.5 84 24 28 84 30.5 32.5 34.5 43 43.5 56 56.5 58 60 71 78.5 81.5 82 87.5 89.5 99 
246 33 37 88.5 27.5 43.5 37 12.5 5.5 88.5 3 63 4.5 5.5 6 6 7 9 10 83.5 23.5 27.5 83.5 30 32 34 42.5 43 55.5 56 57.5 59.5 70.5 78 81 81.5 87 89 98.5 
247 32.5 36.5 88 27 43 36.5 12 5 88 2.5 62.5 4 5 5.5 5.5 6.5 8.5 9.5 83 23 27 83 29.5 31.5 33.5 42 42.5 55 55.5 57 59 70 77.5 80.5 81 86.5 88.5 98 
248 32 36 87.5 26.5 42.5 36 11.5 4.5 87.5 2 62 3.5 4.5 5 5 6 8 9 82.5 22.5 26.5 82.5 29 31 33 41.5 42 54.5 55 56.5 58.5 69.5 77 80 80.5 86 88 97.5 
249 31.5 35.5 87 26 42 35.5 11 4 87 1.5 61.5 3 4 4.5 4.5 5.5 7.5 8.5 82 22 26 82 28.5 30.5 32.5 41 41.5 54 54.5 56 58 69 76.5 79.5 80 85.5 87.5 97 
250 31 35 86.5 25.5 41.5 35 10.5 3.5 86.5 1 61 2.5 3.5 4 4 5 7 8 81.5 21.5 25.5 81.5 28 30 32 40.5 41 53.5 54 55.5 57.5 68.5 76 79 79.5 85 87 96.5 
251 30.5 34.5 86 25 41 34.5 10 3 0.5 60.5 2 3 3.5 3.5 4.5 6.5 7.5 81 21 25 81 27.5 29.5 31.5 40 40.5 53 53.5 55 57 68 75.5 78.5 79 84.5 86.5 96 99.5 
252 30 34 85.5 24.5 40.5 34 9.5 2.5 0 60 1.5 2.5 3 3 4 6 7 80.5 20.5 24.5 80.5 27 29 31 39.5 40 52.5 53 54.5 56.5 67.5 75 78 78.5 84 86 95.5 99 
253 33.5 85 24 40 33.5 100 2 59.5 1 2 2.5 2.5 3.5 5.5 6.5 80 20 24 80 26.5 28.5 30.5 39 39.5 52 52.5 54 56 67 74.5 77.5 78 83.5 85.5 95 98.5 
254 33 84.5 23.5 39.5 33 99.5 1.5 59 0.5 1.5 2 2 3 5 6 79.5 19.5 23.5 79.5 26 28 30 38.5 39 51.5 52 53.5 55.5 66.5 74 77 77.5 83 85 94.5 98 
255 32.5 84 23 39 32.5 99 1 58.5 0 1 1.5 1.5 2.5 4.5 5.5 79 19 23 79 25.5 27.5 29.5 38 38.5 51 51.5 53 55 66 73.5 76.5 77 82.5 84.5 94 97.5 
256 32 83.5 22.5 38.5 32 98.5 0.5 0.5 1 1 2 4 5 78.5 18.5 22.5 78.5 25 27 29 37.5 38 50.5 51 52.5 54.5 65.5 73 76 76.5 82 84 93.5 97 
257 31.5 83 22 38 31.5 98 0 0 0.5 0.5 1.5 3.5 4.5 78 18 22 78 24.5 26.5 28.5 37 37.5 50 50.5 52 54 65 72.5 75.5 76 81.5 83.5 93 96.5 
258 31 82.5 21.5 37.5 31 97.5 0 0 1 3 4 77.5 17.5 21.5 77.5 24 26 28 36.5 37 49.5 50 51.5 53.5 64.5 72 75 75.5 81 83 92.5 96 
259 30.5 82 21 37 30.5 97 0.5 2.5 3.5 77 17 21 77 23.5 25.5 27.5 36 36.5 49 49.5 51 53 64 71.5 74.5 75 80.5 82.5 92 95.5 
260 30 81.5 20.5 36.5 30 96.5 0 2 3 76.5 16.5 20.5 76.5 23 25 27 35.5 36 48.5 49 50.5 52.5 63.5 71 74 74.5 80 82 91.5 95 
261 29.5 81 20 36 29.5 96 1.5 2.5 76 16 20 76 22.5 24.5 26.5 35 35.5 48 48.5 50 52 63 70.5 73.5 74 79.5 81.5 91 94.5 99.5 
262 29 80.5 19.5 35.5 29 95.5 1 2 75.5 15.5 19.5 75.5 22 24 26 34.5 35 47.5 48 49.5 51.5 62.5 70 73 73.5 79 81 90.5 94 99 
263 28.5 80 19 35 28.5 95 0.5 1.5 75 15 19 75 21.5 23.5 25.5 34 34.5 47 47.5 49 51 62 69.5 72.5 73 78.5 80.5 90 93.5 98.5 
264 28 79.5 18.5 34.5 28 94.5 0 1 74.5 14.5 18.5 74.5 21 23 25 33.5 34 46.5 47 48.5 50.5 61.5 69 72 72.5 78 80 89.5 93 98 
265 27.5 79 18 34 27.5 94 0.5 74 14 18 74 20.5 22.5 24.5 100 33.5 46 46.5 48 100 61 68.5 71.5 72 77.5 79.5 89 92.5 97.5 
266 27 78.5 17.5 33.5 27 93.5 0 73.5 13.5 17.5 73.5 20 22 24 99.5 33 45.5 46 47.5 99.5 60.5 68 71 71.5 77 79 88.5 92 97 
267 26.5 78 17 33 26.5 93 73 13 17 73 19.5 21.5 23.5 99 32.5 45 45.5 47 99 60 67.5 70.5 71 76.5 78.5 88 91.5 96.5 
268 26 77.5 16.5 32.5 26 92.5 72.5 12.5 16.5 72.5 19 21 23 98.5 32 44.5 45 46.5 98.5 59.5 67 70 70.5 76 78 87.5 91 96 
269 25.5 77 16 32 25.5 92 72 12 16 72 18.5 20.5 22.5 98 31.5 44 44.5 46 98 59 66.5 69.5 70 75.5 77.5 87 90.5 95.5 
270 25 76.5 15.5 31.5 25 91.5 71.5 11.5 15.5 71.5 18 20 22 97.5 31 43.5 44 45.5 97.5 58.5 66 69 69.5 75 77 86.5 90 95 
271 24.5 76 15 31 24.5 91 71 11 15 71 17.5 19.5 21.5 97 30.5 43 43.5 45 97 58 65.5 68.5 69 74.5 76.5 86 89.5 94.5 
272 24 75.5 14.5 30.5 24 90.5 70.5 10.5 14.5 70.5 17 19 21 96.5 30 42.5 43 44.5 96.5 57.5 65 68 68.5 74 76 85.5 89 94 
273 23.5 75 14 30 23.5 90 70 10 14 70 16.5 18.5 20.5 96 29.5 42 42.5 44 96 57 64.5 67.5 68 73.5 75.5 85 88.5 93.5 
274 23 74.5 13.5 29.5 23 89.5 69.5 9.5 13.5 69.5 16 18 20 95.5 29 41.5 42 43.5 95.5 56.5 64 67 67.5 73 75 84.5 88 93 
275 100 74 13 29 22.5 89 69 9 13 69 15.5 17.5 19.5 95 28.5 41 41.5 43 95 56 63.5 66.5 67 72.5 74.5 84 87.5 92.5 
276 99.5 73.5 12.5 28.5 22 88.5 68.5 8.5 12.5 68.5 15 17 19 94.5 28 40.5 41 42.5 94.5 55.5 63 66 66.5 72 74 83.5 87 92 
277 99 73 12 28 21.5 88 68 8 12 68 14.5 16.5 18.5 94 27.5 40 40.5 42 94 55 62.5 65.5 66 71.5 73.5 83 86.5 91.5 
278 98.5 72.5 11.5 27.5 21 87.5 67.5 7.5 11.5 67.5 14 16 18 93.5 27 39.5 40 41.5 93.5 54.5 62 65 65.5 71 73 82.5 86 91 
279 98 72 11 27 20.5 87 67 7 11 67 13.5 15.5 17.5 93 26.5 39 39.5 41 93 54 61.5 64.5 65 70.5 72.5 82 85.5 90.5 
280 97.5 71.5 10.5 26.5 20 86.5 66.5 6.5 10.5 66.5 13 15 17 92.5 26 38.5 39 40.5 92.5 53.5 61 64 64.5 70 72 81.5 85 90 
281 97 71 10 26 19.5 86 6 10 66 12.5 14.5 16.5 92 25.5 38 38.5 40 92 53 60.5 63.5 64 69.5 71.5 81 84.5 89.5 
282 96.5 70.5 9.5 25.5 19 85.5 5.5 9.5 65.5 12 14 16 91.5 25 37.5 38 39.5 91.5 52.5 60 63 63.5 69 71 80.5 84 89 
283 96 70 9 25 18.5 85 5 9 65 11.5 13.5 15.5 91 24.5 37 37.5 39 91 52 59.5 62.5 63 68.5 70.5 80 83.5 88.5 
284 95.5 69.5 8.5 24.5 18 84.5 4.5 8.5 64.5 11 13 15 90.5 24 36.5 37 38.5 90.5 51.5 59 62 62.5 68 70 79.5 83 88 
285 95 69 8 24 17.5 84 4 8 64 10.5 12.5 14.5 90 23.5 36 36.5 38 90 51 58.5 61.5 62 67.5 69.5 79 82.5 87.5 
286 94.5 68.5 7.5 23.5 17 83.5 3.5 7.5 63.5 10 12 14 89.5 23 35.5 36 37.5 89.5 50.5 58 61 61.5 67 69 78.5 82 87 
287 94 68 7 23 16.5 83 3 7 63 9.5 11.5 13.5 89 22.5 35 35.5 37 89 50 57.5 60.5 61 66.5 68.5 78 81.5 86.5 
288 93.5 67.5 6.5 22.5 16 82.5 2.5 6.5 62.5 9 11 13 88.5 22 34.5 35 36.5 88.5 49.5 57 60 60.5 66 68 77.5 81 86 
289 93 67 6 22 15.5 82 2 6 62 8.5 10.5 12.5 88 21.5 34 34.5 36 88 49 56.5 59.5 60 65.5 67.5 77 80.5 85.5 
290 92.5 66.5 5.5 21.5 15 81.5 1.5 5.5 61.5 8 10 12 87.5 21 33.5 34 35.5 87.5 48.5 56 59 59.5 65 67 76.5 80 85 
291 92 66 5 21 14.5 81 1 5 61 7.5 9.5 11.5 87 20.5 33 33.5 35 87 48 55.5 58.5 59 64.5 66.5 76 79.5 84.5 
292 91.5 65.5 4.5 20.5 14 80.5 0.5 4.5 60.5 7 9 11 86.5 20 32.5 33 34.5 86.5 47.5 55 58 58.5 64 66 75.5 79 84 99.5 
293 91 65 4 20 13.5 80 0 4 60 6.5 8.5 10.5 86 19.5 32 32.5 34 86 47 54.5 57.5 58 63.5 65.5 75 78.5 83.5 99 
294 90.5 64.5 3.5 19.5 13 79.5 3.5 59.5 6 8 10 85.5 19 31.5 32 33.5 85.5 46.5 54 57 57.5 63 65 74.5 78 83 98.5 
295 90 64 3 19 12.5 79 3 59 5.5 7.5 9.5 85 18.5 31 31.5 33 85 46 53.5 56.5 57 62.5 64.5 74 77.5 82.5 98 
296 89.5 63.5 2.5 18.5 12 78.5 2.5 58.5 5 7 9 84.5 18 30.5 31 32.5 84.5 45.5 53 56 56.5 62 64 73.5 77 82 97.5 
297 89 63 2 18 11.5 78 2 58 4.5 6.5 8.5 84 17.5 30 30.5 32 84 45 52.5 55.5 56 61.5 63.5 73 76.5 81.5 97 
298 88.5 62.5 1.5 17.5 11 77.5 1.5 57.5 4 6 8 83.5 17 29.5 30 31.5 83.5 44.5 52 55 55.5 61 63 72.5 76 81 96.5 
299 88 62 1 17 10.5 77 1 57 3.5 5.5 7.5 83 16.5 29 29.5 31 83 44 51.5 54.5 55 60.5 62.5 72 75.5 80.5 96 
300 87.5 61.5 0.5 16.5 10 76.5 0.5 56.5 3 5 7 82.5 16 28.5 29 30.5 82.5 43.5 51 54 54.5 60 62 71.5 75 80 95.5 
301 87 61 0 16 9.5 76 0 56 2.5 4.5 6.5 82 15.5 28 28.5 30 82 43 50.5 53.5 54 59.5 61.5 71 74.5 79.5 95 99.5 
302 86.5 60.5 15.5 9 75.5 55.5 2 4 6 81.5 15 27.5 28 29.5 81.5 42.5 50 53 53.5 59 61 70.5 74 79 94.5 99 
303 86 60 100 8.5 75 55 1.5 3.5 5.5 81 14.5 27 27.5 29 81 42 49.5 52.5 53 58.5 60.5 70 73.5 78.5 94 98.5 
304 85.5 59.5 99.5 8 74.5 54.5 1 3 5 80.5 14 26.5 27 28.5 80.5 41.5 49 52 52.5 58 60 69.5 73 78 93.5 98 
305 85 59 99 7.5 74 54 0.5 2.5 4.5 80 13.5 26 26.5 28 80 41 48.5 51.5 52 57.5 59.5 69 72.5 77.5 93 97.5 
306 84.5 58.5 98.5 7 73.5 53.5 0 2 4 79.5 13 25.5 26 27.5 79.5 40.5 48 51 51.5 57 59 68.5 72 77 92.5 97 
307 84 58 98 6.5 73 1.5 3.5 79 12.5 25 25.5 27 79 40 47.5 50.5 51 56.5 58.5 68 71.5 76.5 92 96.5 
308 83.5 57.5 97.5 6 72.5 1 3 78.5 12 24.5 25 26.5 78.5 39.5 47 50 50.5 56 58 67.5 71 76 91.5 96 
309 83 57 97 5.5 72 0.5 2.5 78 11.5 24 24.5 26 78 39 46.5 49.5 50 55.5 57.5 67 70.5 75.5 91 95.5 
310 82.5 56.5 96.5 5 71.5 0 2 77.5 11 23.5 24 25.5 77.5 38.5 46 49 49.5 55 57 66.5 70 75 90.5 95 
311 82 56 96 4.5 71 1.5 77 10.5 23 23.5 25 77 38 45.5 48.5 49 54.5 56.5 66 69.5 74.5 90 94.5 
312 81.5 55.5 95.5 4 70.5 1 76.5 10 22.5 23 24.5 76.5 37.5 45 48 48.5 54 56 65.5 69 74 89.5 94 
313 81 55 95 3.5 70 0.5 76 9.5 22 22.5 24 76 37 44.5 47.5 48 53.5 55.5 65 68.5 73.5 89 93.5 
314 80.5 54.5 94.5 3 69.5 0 75.5 9 21.5 22 23.5 75.5 36.5 44 47 47.5 53 55 64.5 68 73 88.5 93 
315 80 54 94 2.5 69 75 8.5 21 21.5 23 75 36 43.5 46.5 47 52.5 54.5 64 67.5 72.5 88 92.5 
316 79.5 53.5 93.5 2 68.5 74.5 8 20.5 21 22.5 74.5 35.5 43 46 46.5 52 54 63.5 67 72 87.5 92 
317 79 53 93 1.5 68 74 7.5 20 20.5 22 74 35 42.5 45.5 46 51.5 53.5 63 66.5 71.5 87 91.5 
318 78.5 52.5 92.5 1 67.5 73.5 7 19.5 20 21.5 73.5 34.5 42 45 45.5 51 53 62.5 66 71 86.5 91 
319 78 52 92 0.5 67 73 6.5 19 19.5 21 73 34 41.5 44.5 45 50.5 52.5 62 65.5 70.5 86 90.5 
320 77.5 51.5 91.5 0 66.5 72.5 6 18.5 19 20.5 72.5 33.5 41 44 44.5 50 52 61.5 65 70 85.5 90 
321 77 51 91 66 72 5.5 18 18.5 20 72 33 40.5 43.5 44 49.5 51.5 61 64.5 69.5 85 89.5 
322 76.5 50.5 90.5 65.5 71.5 5 17.5 18 19.5 71.5 32.5 40 43 43.5 49 51 60.5 64 69 84.5 89 
323 76 50 90 65 71 4.5 17 17.5 19 71 32 39.5 42.5 43 48.5 50.5 60 63.5 68.5 84 88.5 
324 75.5 49.5 89.5 64.5 70.5 4 16.5 17 18.5 70.5 31.5 39 42 42.5 48 50 59.5 63 68 83.5 88 
325 75 49 89 64 70 3.5 16 16.5 18 70 31 38.5 41.5 42 47.5 49.5 59 62.5 67.5 83 87.5 
326 74.5 48.5 88.5 63.5 69.5 3 15.5 16 17.5 69.5 30.5 38 41 41.5 47 49 58.5 62 67 82.5 87 
327 74 48 88 63 69 2.5 15 15.5 17 69 30 37.5 40.5 41 46.5 48.5 58 61.5 66.5 82 86.5 
328 73.5 47.5 87.5 62.5 68.5 2 14.5 15 16.5 68.5 29.5 37 40 40.5 46 48 57.5 61 66 81.5 86 
329 73 47 87 62 68 1.5 14 14.5 16 68 29 36.5 39.5 40 45.5 47.5 57 60.5 65.5 81 85.5 
330 72.5 46.5 86.5 61.5 67.5 1 13.5 14 15.5 67.5 28.5 36 39 39.5 45 47 56.5 60 65 80.5 85 
331 72 46 86 61 67 0.5 13 13.5 15 67 28 35.5 38.5 39 44.5 46.5 56 59.5 64.5 80 84.5 
332 71.5 45.5 85.5 60.5 0 12.5 13 14.5 66.5 27.5 35 38 38.5 44 46 55.5 59 64 79.5 84 
333 71 45 85 60 12 12.5 14 66 27 34.5 37.5 38 43.5 45.5 55 58.5 63.5 79 83.5 
334 70.5 44.5 84.5 59.5 11.5 12 13.5 65.5 26.5 34 37 37.5 43 45 54.5 58 63 78.5 83 
335 70 44 84 59 11 11.5 13 65 26 33.5 36.5 37 42.5 44.5 54 57.5 62.5 78 82.5 
336 69.5 43.5 83.5 58.5 10.5 11 12.5 64.5 25.5 33 36 36.5 42 44 53.5 57 62 77.5 82 
337 69 43 83 58 10 10.5 12 64 25 32.5 35.5 36 41.5 43.5 53 56.5 61.5 77 81.5 
338 68.5 42.5 82.5 57.5 9.5 10 11.5 63.5 24.5 32 35 35.5 41 43 52.5 56 61 76.5 81 
339 68 42 82 57 9 9.5 11 63 24 31.5 34.5 35 40.5 42.5 52 55.5 60.5 76 80.5 
340 67.5 41.5 81.5 56.5 8.5 9 10.5 62.5 23.5 31 34 34.5 40 42 51.5 55 60 75.5 80 
341 67 41 81 56 8 8.5 10 62 23 30.5 33.5 34 39.5 41.5 51 54.5 59.5 75 79.5 
342 66.5 40.5 80.5 55.5 7.5 8 9.5 61.5 22.5 30 33 33.5 39 41 50.5 54 59 74.5 79 
343 66 40 80 55 7 7.5 9 61 22 29.5 32.5 33 38.5 40.5 50 53.5 58.5 74 78.5 
344 65.5 39.5 79.5 54.5 6.5 7 8.5 60.5 21.5 29 32 32.5 38 40 49.5 53 58 73.5 78 
345 65 39 79 54 6 6.5 8 60 21 28.5 31.5 32 37.5 39.5 49 52.5 57.5 73 77.5 
346 64.5 38.5 78.5 53.5 5.5 6 7.5 59.5 20.5 28 31 31.5 37 39 48.5 52 57 72.5 77 
347 64 38 78 53 5 5.5 7 59 20 27.5 30.5 31 36.5 38.5 48 51.5 56.5 72 76.5 
348 63.5 37.5 77.5 52.5 4.5 5 6.5 58.5 19.5 27 30 30.5 36 38 47.5 51 56 71.5 76 
349 63 37 77 52 4 4.5 6 58 19 26.5 29.5 30 35.5 37.5 47 50.5 55.5 71 75.5 
350 62.5 36.5 76.5 51.5 3.5 4 5.5 57.5 18.5 26 29 29.5 35 37 46.5 50 55 70.5 75 
351 62 36 76 51 3 3.5 5 57 18 25.5 28.5 29 34.5 36.5 46 49.5 54.5 70 74.5 
352 61.5 35.5 75.5 50.5 2.5 3 4.5 56.5 17.5 25 28 28.5 34 36 45.5 49 54 69.5 74 
353 61 35 75 50 2 2.5 4 56 17 24.5 27.5 28 33.5 35.5 45 48.5 53.5 69 73.5 
354 60.5 34.5 74.5 49.5 1.5 2 3.5 55.5 16.5 24 27 27.5 33 35 44.5 48 53 68.5 73 
355 60 34 74 49 1 1.5 3 55 16 23.5 26.5 27 32.5 34.5 44 47.5 52.5 68 72.5 99.5 
356 59.5 33.5 73.5 48.5 0.5 1 2.5 54.5 15.5 23 26 26.5 32 34 43.5 47 52 67.5 72 99 
357 59 33 73 48 0 0.5 2 54 15 22.5 25.5 26 31.5 33.5 43 46.5 51.5 67 71.5 98.5 
358 58.5 32.5 72.5 47.5 0 1.5 53.5 14.5 22 25 25.5 31 33 42.5 46 51 66.5 71 98 
359 58 32 72 47 1 53 14 21.5 24.5 25 30.5 32.5 42 45.5 50.5 66 70.5 97.5 
360 57.5 31.5 71.5 46.5 0.5 52.5 13.5 21 24 24.5 30 32 41.5 45 50 65.5 70 97 
361 57 31 71 46 0 52 13 20.5 23.5 24 29.5 31.5 41 44.5 49.5 65 69.5 96.5 99.5 
362 56.5 30.5 70.5 45.5 51.5 12.5 20 23 23.5 29 100 40.5 44 49 64.5 69 96 99 
363 56 30 45 51 12 19.5 22.5 23 28.5 99.5 40 43.5 48.5 64 68.5 95.5 98.5 
364 55.5 29.5 44.5 50.5 11.5 19 22 22.5 28 99 39.5 43 48 63.5 68 95 98 
365 55 29 44 50 11 18.5 21.5 22 27.5 98.5 39 42.5 47.5 63 67.5 94.5 97.5 
366 54.5 28.5 43.5 10.5 18 21 21.5 27 98 38.5 42 47 62.5 67 94 97 
367 54 28 43 10 17.5 20.5 21 26.5 97.5 38 41.5 46.5 62 66.5 93.5 96.5 
368 53.5 27.5 42.5 9.5 17 20 20.5 26 97 37.5 41 46 61.5 100 93 96 
369 53 27 42 9 16.5 19.5 20 25.5 96.5 37 40.5 45.5 61 99.5 92.5 95.5 
370 52.5 26.5 41.5 8.5 16 19 19.5 25 96 36.5 40 45 60.5 99 92 95 
371 52 26 41 8 15.5 18.5 19 24.5 95.5 36 39.5 44.5 60 98.5 91.5 94.5 
372 51.5 25.5 40.5 7.5 15 18 18.5 24 95 35.5 39 44 59.5 98 91 94 
373 51 25 40 7 14.5 17.5 18 23.5 94.5 35 38.5 43.5 59 97.5 90.5 93.5 
374 50.5 24.5 39.5 6.5 14 17 17.5 23 94 34.5 38 43 58.5 97 90 93 
375 50 24 39 6 13.5 16.5 17 22.5 93.5 34 37.5 42.5 58 96.5 89.5 92.5 
376 49.5 23.5 38.5 5.5 13 16 16.5 22 93 33.5 37 42 57.5 96 89 92 
377 49 23 38 5 12.5 15.5 16 21.5 92.5 33 36.5 41.5 57 95.5 88.5 91.5 
378 48.5 22.5 37.5 4.5 12 15 15.5 21 92 32.5 36 41 56.5 95 88 91 
379 48 22 37 4 11.5 14.5 15 20.5 91.5 32 35.5 40.5 56 94.5 87.5 90.5 
380 47.5 21.5 36.5 3.5 11 14 14.5 20 91 31.5 35 40 55.5 94 87 90 
381 47 21 36 3 10.5 13.5 14 19.5 90.5 31 34.5 39.5 55 93.5 86.5 89.5 
382 46.5 20.5 35.5 2.5 10 13 13.5 19 90 30.5 34 39 54.5 93 86 89 
383 20 35 2 9.5 12.5 13 18.5 89.5 30 33.5 38.5 54 92.5 85.5 88.5 
384 19.5 34.5 1.5 9 12 12.5 18 89 29.5 33 38 53.5 92 85 88 
385 19 34 1 8.5 11.5 12 17.5 88.5 29 32.5 37.5 53 91.5 84.5 87.5 
386 18.5 33.5 0.5 8 11 11.5 17 88 28.5 32 37 52.5 91 84 87 
387 18 33 0 7.5 10.5 11 16.5 87.5 28 31.5 36.5 52 90.5 83.5 86.5 
388 17.5 32.5 7 10 10.5 16 87 27.5 31 36 51.5 90 83 86 
389 17 32 6.5 9.5 10 15.5 86.5 27 30.5 35.5 51 89.5 82.5 85.5 
390 16.5 31.5 6 9 9.5 15 86 26.5 30 35 50.5 89 82 85 
391 16 31 5.5 8.5 9 14.5 85.5 26 29.5 34.5 50 88.5 81.5 84.5 
392 15.5 30.5 5 8 8.5 14 85 25.5 29 34 49.5 88 81 84 
393 15 30 4.5 7.5 8 13.5 84.5 25 28.5 33.5 49 87.5 80.5 83.5 
394 14.5 29.5 4 7 7.5 13 84 24.5 28 33 48.5 87 80 83 
395 14 29 3.5 6.5 7 12.5 83.5 24 27.5 32.5 48 86.5 79.5 82.5 
396 13.5 28.5 3 6 6.5 12 83 23.5 27 32 47.5 86 79 82 
397 13 28 2.5 5.5 6 11.5 82.5 23 26.5 31.5 47 85.5 78.5 81.5 
398 12.5 27.5 2 5 5.5 11 82 22.5 26 31 46.5 85 78 81 
399 12 27 1.5 4.5 5 10.5 81.5 22 25.5 30.5 46 84.5 77.5 80.5 
400 11.5 26.5 1 4 4.5 10 81 21.5 25 30 45.5 84 77 80 
401 11 26 0.5 3.5 4 9.5 80.5 21 24.5 29.5 45 83.5 76.5 79.5 
402 25.5 0 3 3.5 9 80 20.5 24 29 44.5 83 76 79 
403 25 2.5 3 8.5 79.5 20 23.5 28.5 44 82.5 75.5 78.5 
404 24.5 2 2.5 8 79 19.5 23 28 43.5 82 75 78 
405 24 1.5 2 7.5 78.5 19 22.5 27.5 43 81.5 74.5 77.5 
406 23.5 1 1.5 7 78 18.5 22 27 42.5 81 74 77 
407 23 0.5 1 6.5 77.5 18 21.5 26.5 42 80.5 73.5 76.5 
408 22.5 0 0.5 6 77 17.5 21 26 41.5 80 73 76 
409 22 0 5.5 76.5 17 20.5 25.5 41 79.5 72.5 75.5 
410 21.5 5 76 16.5 20 25 40.5 79 72 75 
411 21 4.5 75.5 16 19.5 24.5 40 78.5 71.5 74.5 
412 20.5 4 75 15.5 19 24 39.5 78 71 74 
413 20 3.5 74.5 15 18.5 23.5 39 77.5 70.5 73.5 
414 19.5 3 74 14.5 18 23 38.5 77 70 73 
415 19 2.5 73.5 14 17.5 22.5 38 76.5 69.5 72.5 
416 18.5 2 73 13.5 17 22 37.5 76 69 72 
417 18 1.5 72.5 13 16.5 21.5 37 75.5 68.5 71.5 
418 17.5 1 72 12.5 16 21 36.5 75 68 71 
419 17 0.5 71.5 12 15.5 20.5 36 74.5 67.5 70.5 
420 16.5 0 71 11.5 15 20 35.5 74 67 70 
421 16 70.5 11 14.5 19.5 35 73.5 66.5 69.5 
422 15.5 70 10.5 14 19 34.5 73 66 69 
423 15 69.5 10 13.5 18.5 34 72.5 65.5 68.5 
424 14.5 69 9.5 13 18 33.5 72 65 68 
425 14 68.5 9 12.5 17.5 33 71.5 64.5 67.5 
426 13.5 68 8.5 12 17 32.5 71 64 67 
427 13 67.5 8 11.5 16.5 32 70.5 63.5 66.5 
428 12.5 67 7.5 11 16 31.5 70 63 66 
429 12 66.5 7 10.5 15.5 31 69.5 62.5 65.5 
430 11.5 66 6.5 10 15 30.5 69 62 65 
431 11 65.5 6 9.5 14.5 30 68.5 61.5 64.5 
432 10.5 65 5.5 9 14 29.5 68 61 64 
433 10 64.5 5 8.5 13.5 29 67.5 60.5 63.5 
434 9.5 64 4.5 8 13 28.5 67 60 63 
435 9 63.5 4 7.5 12.5 28 66.5 59.5 62.5 
436 8.5 63 3.5 7 12 27.5 66 59 62 
437 8 62.5 3 6.5 11.5 27 65.5 58.5 61.5 
438 7.5 62 2.5 6 11 26.5 65 58 61 
439 7 61.5 2 5.5 10.5 26 64.5 57.5 60.5 
440 6.5 61 1.5 5 10 25.5 64 57 60 
441 6 60.5 1 4.5 9.5 25 63.5 56.5 59.5 
442 5.5 60 0.5 4 9 24.5 63 56 59 
443 5 59.5 0 3.5 8.5 24 62.5 55.5 58.5 
444 4.5 59 3 8 23.5 62 55 58 
445 4 58.5 2.5 7.5 23 61.5 54.5 57.5 
446 3.5 58 2 7 22.5 61 54 57 
447 3 57.5 1.5 6.5 22 60.5 53.5 56.5 
448 2.5 57 1 6 21.5 60 53 56 
449 2 56.5 0.5 5.5 21 59.5 52.5 55.5 
450 1.5 56 0 5 20.5 59 52 55 
451 1 55.5 4.5 20 58.5 51.5 54.5 
452 0.5 55 4 19.5 58 51 54 
453 0 54.5 3.5 19 57.5 50.5 53.5 
454 54 3 18.5 57 50 53 
455 53.5 2.5 18 56.5 49.5 52.5 
456 53 2 17.5 56 49 52 
457 52.5 1.5 17 55.5 48.5 51.5 
458 52 1 16.5 55 48 51 
459 51.5 0.5 16 54.5 47.5 50.5 
460 51 0 15.5 54 47 50 
461 50.5 15 53.5 46.5 49.5 
462 50 14.5 53 46 49 
463 49.5 14 52.5 45.5 48.5 
464 49 13.5 52 45 48 
465 48.5 13 51.5 44.5 47.5 
466 48 12.5 51 44 47 
467 47.5 12 50.5 43.5 46.5 
468 47 11.5 50 43 46 
469 46.5 11 49.5 42.5 45.5 
470 46 10.5 49 42 45 
471 45.5 10 48.5 41.5 44.5 
472 45 9.5 48 41 44 
473 44.5 9 47.5 40.5 43.5 
474 44 8.5 47 40 43 
475 43.5 8 46.5 39.5 42.5 
476 43 7.5 46 39 42 
477 42.5 7 45.5 38.5 41.5 
478 42 6.5 45 38 41 
479 41.5 6 44.5 37.5 40.5 
480 41 5.5 44 37 40 
481 40.5 5 43.5 36.5 39.5 
482 40 4.5 43 36 39 
483 39.5 4 42.5 35.5 38.5 
484 39 3.5 42 35 38 
485 38.5 3 41.5 34.5 37.5 
486 38 2.5 41 34 37 
487 37.5 2 40.5 33.5 36.5 
488 37 1.5 40 33 36 
489 36.5 1 39.5 32.5 35.5 
490 36 0.5 39 32 35 
491 35.5 0 38.5 31.5 34.5 
492 35 38 31 34 
493 34.5 37.5 30.5 33.5 
494 34 37 30 33 
495 33.5 36.5 29.5 32.5 
496 33 36 29 32 
497 32.5 35.5 28.5 31.5 
498 32 35 28 31 
499 31.5 34.5 27.5 30.5 
500 31 34 27 30 
501 30.5 26.5 29.5 
502 30 26 29 
503 29.5 25.5 28.5 
504 29 25 28 
505 28.5 24.5 27.5 
506 28 24 27 
507 27.5 23.5 26.5 
508 27 23 26 
509 26.5 22.5 25.5 
510 26 22 25 
511 25.5 21.5 24.5 
512 25 21 24 
513 24.5 20.5 23.5 
514 24 20 23 
515 23.5 19.5 22.5 
516 23 19 22 
517 22.5 18.5 21.5 
518 22 18 21 
519 21.5 17.5 20.5 
520 21 17 20 
521 20.5 16.5 19.5 
522 20 16 19 
523 19.5 15.5 18.5 
524 19 15 18 
525 18.5 14.5 17.5 
526 18 14 17 
527 17.5 13.5 16.5 
528 17 13 16 
529 16.5 12.5 15.5 
530 16 12 15 
531 15.5 11.5 14.5 
532 15 11 14 
533 14.5 10.5 13.5 
534 14 10 13 
535 13.5 9.5 12.5 
536 13 9 12 
537 12.5 8.5 11.5 
538 12 8 11 
539 11.5 7.5 10.5 
540 11 7 10 
541 10.5 6.5 9.5 
542 10 6 9 
543 9.5 5.5 8.5 
544 9 5 8 
545 8.5 4.5 7.5 
546 8 4 7 
547 7.5 3.5 6.5 
548 7 3 6 
549 6.5 2.5 5.5 
550 6 2 5 
551 5.5 1.5 4.5 
552 5 1 4 
553 4.5 0.5 3.5 
554 4 0 3 
555 3.5 2.5 
556 3 2 
557 2.5 1.5 
558 2 1 
559 1.5 0.5 
560 1 0 
561 0.5 
562 0 
563 
564 
565 
566 
567 
568 
569 
570 
571 
572 
573 
574 
575 
576 
577 
578 
579 
580 
581 
582 
583 
584 
585 
586 
587 
588 
589 
590 
591 
592 
593 
594 
595 
596 
597 
598 
599 
600 
601 
602 
603 
604 
605 
606 
607 
608 
609 
610 
611 
612 
613 
614 
615 
616 
617 
618 
619 
620 
621 
622 
623 
624 
625 
626 
627 
628 
629 
630 
631 
632 
633 
634 
635 
636 
637 
638 
639 
640 
641 
642 
643 
644 
645 
646 
647 
648 
649 
650 
651 
652 
653 
654 
655 
656 
657 
658 
659 
660 
661 
662 
663 
664 
665 
666 
667 
668 
669 
670 
671 
672 
673 
674 
675 
676 
677 
678 
679 
680 
681 
682 
683 
684 
685 
686 
687 
688 
689 
690 
691 
692 
693 
694 
695 
696 
697 
698 
699 
700 
701 
702 
703 
704 
705 
706 
707 
708 
709 
710 
711 
712 
713 
714 
715 
