0 98 98 98 98 98 98 98 98 98 98 98 98 98 98 98 98 98 98 98 98 98 98 98 98 98 98 98 98 98 98 
1 96 96 96 96 96 96 96 96 96 96 96 96 96 96 96 96 96 96 96 96 96 96 96 96 96 96 96 96 96 96 
2 94 94 94 94 94 94 94 94 94 94 94 94 94 94 94 94 94 94 94 94 94 94 94 94 94 94 94 94 94 94 
3 92 92 92 92 92 92 92 92 92 92 92 92 92 92 92 92 92 92 92 92 92 92 92 92 92 92 92 92 92 92 
4 90 90 90 90 90 90 90 90 90 90 90 90 90 90 90 90 90 90 90 90 90 90 90 90 90 90 90 90 90 90 
5 88 88 88 88 88 88 88 88 88 88 88 88 88 88 88 88 88 88 88 88 88 88 88 88 88 88 88 88 88 88 
6 86 86 86 86 86 86 86 86 86 86 86 86 86 86 86 86 86 86 86 86 86 86 86 86 86 86 86 86 86 86 
7 84 84 84 84 84 84 84 84 84 84 84 84 84 84 84 84 84 84 84 84 84 84 84 84 84 84 84 84 84 84 
8 82 82 82 82 82 82 82 82 82 82 82 82 82 82 82 82 82 82 82 82 82 82 82 82 82 82 82 82 82 82 
9 80 80 80 80 80 80 80 80 80 80 80 80 80 80 80 80 80 80 80 80 80 80 80 80 80 80 80 80 80 80 
10 78 78 78 78 78 78 78 78 78 78 78 78 78 78 78 78 78 78 78 78 78 78 78 78 78 78 78 78 78 78 
11 76 76 76 76 76 76 76 76 76 76 76 76 76 76 76 76 76 76 76 76 76 76 76 76 76 76 76 76 76 76 
12 74 74 74 74 74 74 74 74 74 74 74 74 74 74 74 74 74 74 74 74 74 74 74 74 74 74 74 74 74 74 
13 72 72 72 72 72 72 72 72 72 72 72 72 72 72 72 72 72 72 72 72 72 72 72 72 72 72 72 72 72 72 
14 70 70 70 70 70 70 70 70 70 70 70 70 70 70 70 70 70 70 70 70 70 70 70 70 70 70 70 70 70 70 
15 68 68 68 68 68 68 68 68 68 68 68 68 68 68 68 68 68 68 68 68 68 68 68 68 68 68 68 68 68 68 
16 66 66 66 66 66 66 66 66 66 66 66 66 66 66 66 66 66 66 66 66 66 66 66 66 66 66 66 66 66 66 
17 64 64 64 64 64 64 64 64 64 64 64 64 64 64 64 64 64 64 64 64 64 64 64 64 64 64 64 64 64 64 
18 62 62 62 62 62 62 62 62 62 62 62 62 62 62 62 62 62 62 62 62 62 62 62 62 62 62 62 62 62 62 
19 60 60 60 60 60 60 60 60 60 60 60 60 60 60 60 60 60 60 60 60 60 60 60 60 60 60 60 60 60 60 
20 58 58 58 58 58 58 58 58 58 58 58 58 58 58 58 58 58 58 58 58 58 58 58 58 58 58 58 58 58 58 
21 56 56 56 56 56 56 56 56 56 56 56 56 56 56 56 56 56 56 56 56 56 56 56 56 56 56 56 56 56 56 
22 54 54 54 54 54 54 54 54 54 54 54 54 54 54 54 54 54 54 54 54 54 54 54 54 54 54 54 54 54 54 
23 52 52 52 52 52 52 52 52 52 52 52 52 52 52 52 52 52 52 52 52 52 52 52 52 52 52 52 52 52 52 
24 50 50 50 50 50 50 50 50 50 50 50 50 50 50 50 50 50 50 50 50 50 50 50 50 50 50 50 50 50 50 
25 48 48 48 48 48 48 48 48 48 48 48 48 48 48 48 48 48 48 48 48 48 48 48 48 48 48 48 48 48 48 
26 46 46 46 46 46 46 46 46 46 46 46 46 46 46 46 46 46 46 46 46 46 46 46 46 46 46 46 46 46 46 
27 44 44 44 44 44 44 44 44 44 44 44 44 44 44 44 44 44 44 44 44 44 44 44 44 44 44 44 44 44 44 
28 42 42 42 42 42 42 42 42 42 42 42 42 42 42 42 42 42 42 42 42 42 42 42 42 42 42 42 42 42 42 
29 40 40 40 40 40 40 40 40 40 40 40 40 40 40 40 40 40 40 40 40 40 40 40 40 40 40 40 40 40 40 
30 38 38 38 38 38 38 38 38 38 38 38 38 38 38 38 38 38 38 38 38 38 38 38 38 38 38 38 38 38 38 
31 36 36 36 36 36 36 36 36 36 36 36 36 36 36 36 36 36 36 36 36 36 36 36 36 36 36 36 36 36 36 
32 34 34 34 34 34 34 34 34 34 34 34 34 34 34 34 34 34 34 34 34 34 34 34 34 34 34 34 34 34 34 
33 32 32 32 32 32 32 32 32 32 32 32 32 32 32 32 32 32 32 32 32 32 32 32 32 32 32 32 32 32 32 
34 30 30 30 30 30 30 30 30 30 30 30 30 30 30 30 30 30 30 30 30 30 30 30 30 30 30 30 30 30 30 
35 28 28 28 28 28 28 28 28 28 28 28 28 28 28 28 28 28 28 28 28 28 28 28 28 28 28 28 28 28 28 
36 26 26 26 26 26 26 26 26 26 26 26 26 26 26 26 26 26 26 26 26 26 26 26 26 26 26 26 26 26 26 
37 24 24 24 24 24 24 24 24 24 24 24 24 24 24 24 24 24 24 24 24 24 24 24 24 24 24 24 24 24 24 
38 22 22 22 22 22 22 22 22 22 22 22 22 22 22 22 22 22 22 22 22 22 22 22 22 22 22 22 22 22 22 
39 20 20 20 20 20 20 20 20 20 20 20 20 20 20 20 20 20 20 20 20 20 20 20 20 20 20 20 20 20 20 
40 18 18 18 18 18 18 18 18 18 18 18 18 18 18 18 18 18 18 18 18 18 18 18 18 18 18 18 18 18 18 
41 16 16 16 16 16 16 16 16 16 16 16 16 16 16 16 16 16 16 16 16 16 16 16 16 16 16 16 16 16 16 
42 14 14 14 14 14 14 14 14 14 14 14 14 14 14 14 14 14 14 14 14 14 14 14 14 14 14 14 14 14 14 
43 12 12 12 12 12 12 12 12 12 12 12 12 12 12 12 12 12 12 12 12 12 12 12 12 12 12 12 12 12 12 
44 10 10 10 10 10 10 10 10 10 10 10 10 10 10 10 10 10 10 10 10 10 10 10 10 10 10 10 10 10 10 
45 8 8 8 8 8 8 8 8 8 8 8 8 8 8 8 8 8 8 8 8 8 8 8 8 8 8 8 8 8 8 
46 6 6 6 6 6 6 6 6 6 6 6 6 6 6 6 6 6 6 6 6 6 6 6 6 6 6 6 6 6 6 
47 4 4 4 4 4 4 4 4 4 4 4 4 4 4 4 4 4 4 4 4 4 4 4 4 4 4 4 4 4 4 
48 2 2 2 2 2 2 2 2 2 2 2 2 2 2 2 2 2 2 2 2 2 2 2 2 2 2 2 2 2 2 
49 0 0 0 0 0 0 0 0 0 0 0 0 0 0 0 0 0 0 0 0 0 0 0 0 0 0 0 0 0 0 
50 100 0 100 0 0 0 0 0 0 0 0 0 0 0 0 0 0 0 0 0 0 0 0 0 0 0 0 0 0 0 
51 98 0 98 0 0 0 0 0 0 0 0 0 0 0 0 0 0 0 0 0 0 0 0 0 0 0 0 0 0 0 98 
52 96 0 96 0 0 0 100 0 0 0 0 0 0 0 0 0 0 100 0 0 0 0 0 0 0 0 0 0 0 0 96 
53 94 0 94 0 0 0 98 0 0 0 0 0 0 0 0 0 0 98 0 0 0 0 0 0 0 0 0 0 0 0 94 98 
54 92 0 92 0 0 0 96 0 0 0 0 0 0 0 0 0 0 96 0 0 0 0 0 0 0 0 0 0 0 0 92 96 
55 90 100 90 100 0 0 94 0 0 0 100 0 0 0 0 0 0 94 0 0 0 0 0 0 0 0 0 100 0 0 90 94 
56 88 98 88 98 0 0 92 0 0 0 98 0 0 0 0 0 0 92 0 0 0 0 0 0 0 0 0 98 0 0 88 92 98 98 
57 86 96 86 96 0 0 90 100 0 0 96 0 0 100 0 0 0 90 0 0 0 0 0 0 0 0 0 96 0 0 86 90 96 96 
58 84 94 84 94 0 0 88 98 0 100 94 0 100 98 0 0 0 88 0 0 100 0 100 0 0 0 0 94 0 0 84 88 94 94 98 
59 82 92 82 92 0 0 86 96 0 98 92 0 98 96 0 0 0 86 0 0 98 0 98 0 0 0 0 92 0 0 82 86 92 92 96 98 98 
60 80 90 80 90 0 100 84 94 0 96 90 0 96 94 0 0 0 84 0 0 96 100 96 0 0 0 0 90 0 0 80 84 90 90 94 96 96 
61 78 88 78 88 0 98 82 92 0 94 88 0 94 92 0 0 0 82 0 0 94 98 94 0 0 0 0 88 0 0 78 82 88 88 92 94 94 98 
62 76 86 76 86 0 96 80 90 0 92 86 0 92 90 0 0 0 80 0 0 92 96 92 0 0 0 0 86 0 0 76 80 86 86 90 92 92 96 
63 74 84 74 84 0 94 78 88 0 90 84 0 90 88 0 0 0 78 0 0 90 94 90 0 0 0 0 84 0 0 74 78 84 84 88 90 90 94 
64 72 82 72 82 0 92 76 86 0 88 82 100 88 86 0 0 0 76 0 0 88 92 88 0 100 0 0 82 0 0 72 76 82 82 86 88 88 92 
65 70 80 70 80 0 90 74 84 0 86 80 98 86 84 0 0 0 74 0 0 86 90 86 0 98 0 0 80 0 0 70 74 80 80 84 86 86 90 98 
66 68 78 68 78 0 88 72 82 0 84 78 96 84 82 0 100 0 72 100 0 84 88 84 0 96 0 0 78 0 0 68 72 78 78 82 84 84 88 96 
67 66 76 66 76 0 86 70 80 0 82 76 94 82 80 0 98 0 70 98 0 82 86 82 0 94 0 0 76 0 0 66 70 76 76 80 82 82 86 94 98 
68 64 74 64 74 0 84 68 78 0 80 74 92 80 78 0 96 0 68 96 0 80 84 80 0 92 0 0 74 0 0 64 68 74 74 78 80 80 84 92 96 
69 62 72 62 72 0 82 66 76 0 78 72 90 78 76 0 94 0 66 94 0 78 82 78 0 90 0 0 72 0 0 62 66 72 72 76 78 78 82 90 94 
70 60 70 60 70 0 80 64 74 0 76 70 88 76 74 0 92 0 64 92 0 76 80 76 0 88 0 0 70 0 0 60 64 70 70 74 76 76 80 88 92 
71 58 68 58 68 0 78 62 72 0 74 68 86 74 72 0 90 0 62 90 0 74 78 74 0 86 0 0 68 0 0 58 62 68 68 72 74 74 78 86 90 
72 56 66 56 66 0 76 60 70 0 72 66 84 72 70 0 88 0 60 88 0 72 76 72 0 84 0 0 66 0 0 56 60 66 66 70 72 72 76 84 88 
73 54 64 54 64 0 74 58 68 0 70 64 82 70 68 0 86 0 58 86 0 70 74 70 0 82 0 0 64 0 0 54 58 64 64 68 70 70 74 82 86 
74 52 62 52 62 0 72 56 66 0 68 62 80 68 66 0 84 0 56 84 0 68 72 68 0 80 0 0 62 0 0 52 56 62 62 66 68 68 72 80 84 
75 50 60 50 60 0 70 54 64 0 66 60 78 66 64 0 82 0 54 82 0 66 70 66 0 78 0 0 60 0 0 50 54 60 60 64 66 66 70 78 82 
76 48 58 48 58 0 68 52 62 0 64 58 76 64 62 0 80 0 52 80 0 64 68 64 0 76 0 0 58 0 0 48 52 58 58 62 64 64 68 76 80 
77 46 56 46 56 0 66 50 60 0 62 56 74 62 60 0 78 0 50 78 0 62 66 62 0 74 0 0 56 0 0 46 50 56 56 60 62 62 66 74 78 
78 44 54 44 54 0 64 48 58 0 60 54 72 60 58 0 76 0 48 76 0 60 64 60 0 72 0 0 54 0 0 44 48 54 54 58 60 60 64 72 76 
79 42 52 42 52 0 62 46 56 0 58 52 70 58 56 0 74 0 46 74 0 58 62 58 0 70 0 0 52 0 0 42 46 52 52 56 58 58 62 70 74 
80 40 50 40 50 0 60 44 54 100 56 50 68 56 54 0 72 0 44 72 0 56 60 56 0 68 0 100 50 0 0 40 44 50 50 54 56 56 60 68 72 
81 38 48 38 48 0 58 42 52 98 54 48 66 54 52 0 70 0 42 70 0 54 58 54 0 66 0 98 48 0 0 38 42 48 48 52 54 54 58 66 70 98 
82 36 46 36 46 0 56 40 50 96 52 46 64 52 50 0 68 0 40 68 0 52 56 52 0 64 0 96 46 0 0 36 40 46 46 50 52 52 56 64 68 96 
83 34 44 34 44 0 54 38 48 94 50 44 62 50 48 0 66 0 38 66 0 50 54 50 0 62 0 94 44 0 0 34 38 44 44 48 50 50 54 62 66 94 
84 32 42 32 42 0 52 36 46 92 48 42 60 48 46 0 64 0 36 64 0 48 52 48 0 60 0 92 42 0 0 32 36 42 42 46 48 48 52 60 64 92 
85 30 40 30 40 0 50 34 44 90 46 40 58 46 44 0 62 0 34 62 0 46 50 46 0 58 0 90 40 0 0 30 34 40 40 44 46 46 50 58 62 90 
86 28 38 28 38 0 48 32 42 88 44 38 56 44 42 0 60 0 32 60 0 44 48 44 0 56 0 88 38 0 0 28 32 38 38 42 44 44 48 56 60 88 
87 26 36 26 36 0 46 30 40 86 42 36 54 42 40 0 58 0 30 58 0 42 46 42 0 54 0 86 36 0 0 26 30 36 36 40 42 42 46 54 58 86 
88 24 34 24 34 0 44 28 38 84 40 34 52 40 38 0 56 0 28 56 0 40 44 40 0 52 0 84 34 0 0 24 28 34 34 38 40 40 44 52 56 84 
89 22 32 22 32 0 42 26 36 82 38 32 50 38 36 0 54 0 26 54 0 38 42 38 0 50 0 82 32 0 0 22 26 32 32 36 38 38 42 50 54 82 
90 20 30 20 30 0 40 24 34 80 36 30 48 36 34 0 52 0 24 52 0 36 40 36 0 48 0 80 30 0 0 20 24 30 30 34 36 36 40 48 52 80 
91 18 28 18 28 0 38 22 32 78 34 28 46 34 32 0 50 0 22 50 0 34 38 34 0 46 0 78 28 0 0 18 22 28 28 32 34 34 38 46 50 78 
92 16 26 16 26 0 36 20 30 76 32 26 44 32 30 0 48 0 20 48 0 32 36 32 0 44 0 76 26 0 0 16 20 26 26 30 32 32 36 44 48 76 
93 14 24 14 24 0 34 18 28 74 30 24 42 30 28 0 46 100 18 46 0 30 34 30 0 42 0 74 24 0 100 14 18 24 24 28 30 30 34 42 46 74 
94 12 22 12 22 0 32 16 26 72 28 22 40 28 26 0 44 98 16 44 0 28 32 28 0 40 0 72 22 0 98 12 16 22 22 26 28 28 32 40 44 72 98 
95 10 20 10 20 0 30 14 24 70 26 20 38 26 24 0 42 96 14 42 0 26 30 26 0 38 0 70 20 0 96 10 14 20 20 24 26 26 30 38 42 70 96 
96 8 18 8 18 0 28 12 22 68 24 18 36 24 22 0 40 94 12 40 0 24 28 24 0 36 0 68 18 0 94 8 12 18 18 22 24 24 28 36 40 68 94 
97 6 16 6 16 0 26 10 20 66 22 16 34 22 20 0 38 92 10 38 0 22 26 22 0 34 0 66 16 0 92 6 10 16 16 20 22 22 26 34 38 66 92 
98 4 14 4 14 0 24 8 18 64 20 14 32 20 18 0 36 90 8 36 0 20 24 20 0 32 0 64 14 0 90 4 8 14 14 18 20 20 24 32 36 64 90 
99 2 12 2 12 0 22 6 16 62 18 12 30 18 16 0 34 88 6 34 0 18 22 18 0 30 0 62 12 0 88 2 6 12 12 16 18 18 22 30 34 62 88 
100 0 0 20 4 14 60 10 0 32 4 32 0 20 0 28 10 86 0 4 10 10 14 16 16 20 28 32 60 86 
101 100 100 18 2 12 58 8 0 30 2 30 0 18 0 26 8 84 0 2 8 8 12 14 14 18 26 30 58 84 
102 98 98 16 0 10 56 6 0 28 0 28 0 16 0 24 6 82 0 0 6 6 10 12 12 16 24 28 56 82 98 
103 96 96 14 0 8 54 4 0 26 0 26 0 14 0 22 4 80 0 0 4 4 8 10 10 14 22 26 54 80 96 
104 94 94 12 0 6 52 2 0 24 0 24 0 12 0 20 2 78 0 0 2 2 6 8 8 12 20 24 52 78 94 
105 92 92 10 0 4 50 0 0 22 0 22 0 10 0 18 0 76 0 0 0 0 4 6 6 10 18 22 50 76 92 
106 90 90 8 0 2 48 0 0 20 100 20 100 8 100 16 0 74 0 0 100 0 2 4 4 8 16 20 48 74 90 
107 88 88 6 0 0 46 0 0 18 98 18 98 6 98 14 0 72 0 0 98 0 0 2 2 6 14 18 46 72 88 98 98 
108 86 86 4 0 0 44 0 0 16 96 16 96 4 96 12 0 70 0 0 96 0 0 0 0 4 12 16 44 70 86 96 96 
109 84 84 2 0 0 42 0 0 14 94 14 94 2 94 10 0 68 0 0 94 0 0 0 0 2 10 14 42 68 84 94 94 
110 82 82 0 0 100 40 0 0 12 92 12 92 0 92 8 100 66 0 0 92 0 0 0 0 0 8 12 40 66 82 92 92 
111 80 80 0 0 98 38 0 0 10 90 10 90 0 90 6 98 64 0 0 90 0 0 0 0 0 6 10 38 64 80 90 90 98 
112 78 78 0 0 96 36 0 0 8 88 8 88 0 88 4 96 62 0 0 88 0 0 0 0 0 4 8 36 62 78 88 88 96 
113 76 76 0 0 94 34 0 0 6 86 6 86 0 86 2 94 60 0 0 86 0 0 0 0 0 2 6 34 60 76 86 86 94 
114 74 74 100 0 92 32 0 0 4 84 4 84 100 84 0 92 58 0 0 84 0 0 0 0 0 0 4 32 58 74 84 84 92 
115 72 72 98 0 90 30 0 0 2 82 2 82 98 82 0 90 56 0 0 82 0 0 0 0 0 0 2 30 56 72 82 82 90 98 
116 70 70 96 0 88 28 0 0 0 80 0 80 96 80 0 88 54 0 0 80 0 0 0 0 0 0 0 28 54 70 80 80 88 96 
117 68 68 94 0 86 26 0 0 0 78 0 78 94 78 0 86 52 0 0 78 0 0 0 0 0 0 0 26 52 68 78 78 86 94 
118 66 66 92 0 84 24 0 0 0 76 0 76 92 76 0 84 50 0 0 76 0 0 0 0 0 0 0 24 50 66 76 76 84 92 
119 64 64 90 0 82 22 0 0 0 74 0 74 90 74 0 82 48 0 0 74 0 0 0 0 0 0 0 22 48 64 74 74 82 90 
120 62 62 88 0 80 20 0 0 0 72 0 72 88 72 0 80 46 0 0 72 0 0 0 0 0 0 0 20 46 62 72 72 80 88 
121 60 60 86 0 78 18 0 0 0 70 0 70 86 70 0 78 44 0 0 70 0 0 0 0 0 0 0 18 44 60 70 70 78 86 
122 58 58 84 0 76 16 0 0 0 68 0 68 84 68 0 76 42 0 0 68 0 0 0 0 0 0 0 16 42 58 68 68 76 84 
123 56 56 82 0 74 14 0 0 0 66 0 66 82 66 0 74 40 0 0 66 0 0 0 0 0 0 0 14 40 56 66 66 74 82 
124 54 54 80 0 72 12 0 0 0 64 0 64 80 64 0 72 38 0 0 64 0 0 0 0 0 0 0 12 38 54 64 64 72 80 
125 52 52 78 0 70 10 0 0 0 62 0 62 78 62 0 70 36 0 0 62 0 0 0 0 0 0 0 10 36 52 62 62 70 78 
126 50 50 76 0 68 8 0 0 0 60 0 60 76 60 0 68 34 0 0 60 0 0 0 0 0 0 0 8 34 50 60 60 68 76 
127 48 48 74 0 66 6 0 0 0 58 0 58 74 58 0 66 32 0 0 58 0 0 0 0 0 0 0 6 32 48 58 58 66 74 
128 46 46 72 0 64 4 0 0 0 56 0 56 72 56 0 64 30 0 0 56 0 0 0 0 0 0 0 4 30 46 56 56 64 72 
129 44 44 70 0 62 2 0 0 0 54 0 54 70 54 0 62 28 0 0 54 0 0 0 0 0 0 0 2 28 44 54 54 62 70 
130 42 42 68 0 60 0 0 0 0 52 0 52 68 52 0 60 26 0 0 52 0 0 0 0 0 0 0 0 26 42 52 52 60 68 
131 40 40 66 0 58 100 100 0 0 50 0 50 66 50 0 58 24 0 0 50 0 0 0 0 0 0 0 0 24 40 50 50 58 66 
132 38 38 64 0 56 98 98 0 0 48 0 48 64 48 100 56 22 0 0 48 0 0 0 0 0 0 0 100 22 38 48 48 56 64 98 
133 36 36 62 0 54 96 96 0 0 46 0 46 62 46 98 54 20 0 0 46 0 0 0 0 0 0 0 98 20 36 46 46 54 62 96 98 
134 34 34 60 0 52 94 94 0 0 44 0 44 60 44 96 52 18 0 0 44 0 0 0 0 0 0 0 96 18 34 44 44 52 60 94 96 
135 32 32 58 0 50 92 92 0 0 42 0 42 58 42 94 50 16 0 0 42 0 0 0 0 0 0 0 94 16 32 42 42 50 58 92 94 
136 30 30 56 0 48 90 90 0 0 40 0 40 56 40 92 48 14 0 0 40 0 0 0 0 0 0 0 92 14 30 40 40 48 56 90 92 
137 28 28 54 0 46 88 88 0 0 38 0 38 54 38 90 46 12 0 0 38 0 0 0 0 0 0 0 90 12 28 38 38 46 54 88 90 
138 26 26 52 0 44 86 86 0 0 36 0 36 52 36 88 44 10 0 0 36 0 0 0 0 0 0 0 88 10 26 36 36 44 52 86 88 
139 24 24 50 0 42 84 84 0 0 34 0 34 50 34 86 42 8 0 0 34 0 0 0 0 0 0 0 86 8 24 34 34 42 50 84 86 
140 22 22 48 0 40 82 82 0 0 32 0 32 48 32 84 40 6 0 0 32 0 0 0 0 0 0 0 84 6 22 32 32 40 48 82 84 
141 20 20 46 0 38 80 80 0 0 30 0 30 46 30 82 38 4 0 0 30 0 0 0 0 0 0 0 82 4 20 30 30 38 46 80 82 
142 18 18 44 0 36 78 78 0 0 28 0 28 44 28 80 36 2 0 0 28 0 0 0 0 0 0 0 80 2 18 28 28 36 44 78 80 
143 16 16 42 0 34 76 76 0 0 26 0 26 42 26 78 34 0 0 0 26 0 0 0 0 0 0 0 78 0 16 26 26 34 42 76 78 
144 14 14 40 0 32 74 74 0 0 24 0 24 40 24 76 32 0 0 0 24 0 0 0 0 0 0 0 76 0 14 24 24 32 40 74 76 
145 12 12 38 0 30 72 72 0 0 22 0 22 38 22 74 30 0 0 0 22 0 0 0 0 0 0 0 74 0 12 22 22 30 38 72 74 
146 10 10 36 0 28 70 70 0 0 20 0 20 36 20 72 28 0 0 0 20 0 0 0 0 0 0 0 72 0 10 20 20 28 36 70 72 
147 8 8 34 0 26 68 68 0 0 18 0 18 34 18 70 26 0 0 0 18 0 0 0 0 0 0 0 70 0 8 18 18 26 34 68 70 
148 6 6 32 0 24 66 66 0 0 16 0 16 32 16 68 24 0 0 0 16 0 0 0 0 0 0 0 68 0 6 16 16 24 32 66 68 
149 4 4 30 0 22 64 64 0 0 14 0 14 30 14 66 22 0 0 0 14 0 0 0 0 0 0 0 66 0 4 14 14 22 30 64 66 
150 2 2 28 0 20 62 62 0 0 12 0 12 28 12 64 20 0 0 0 12 0 0 0 0 0 0 0 64 0 2 12 12 20 28 62 64 
151 0 0 26 0 18 60 60 0 0 10 0 10 26 10 62 18 0 0 0 10 0 0 0 0 0 0 0 62 0 0 10 10 18 26 60 62 
152 0 0 24 0 16 58 58 0 0 8 0 8 24 8 60 16 0 0 0 8 0 0 0 0 0 0 0 60 0 0 8 8 16 24 58 60 
153 0 0 22 0 14 56 56 0 0 6 0 6 22 6 58 14 0 0 0 6 0 0 0 0 0 0 0 58 0 0 6 6 14 22 56 58 
154 0 0 20 0 12 54 54 0 0 4 0 4 20 4 56 12 0 0 0 4 0 0 0 0 0 0 0 56 0 0 4 4 12 20 54 56 
155 0 0 18 0 10 52 52 0 0 2 0 2 18 2 54 10 0 0 0 2 0 0 0 0 0 0 0 54 0 0 2 2 10 18 52 54 
156 0 0 16 0 8 50 50 0 0 0 0 0 16 0 52 8 0 0 0 0 0 0 0 0 0 0 0 52 0 0 0 0 8 16 50 52 
157 0 0 14 0 6 48 48 0 0 0 0 100 14 0 50 6 0 100 0 0 0 0 0 0 0 0 0 50 0 0 0 0 6 14 48 50 
158 0 0 12 0 4 46 46 0 0 100 0 98 12 0 48 4 0 98 0 0 0 0 0 0 0 0 0 48 0 0 100 0 4 12 46 48 98 
159 0 0 10 0 2 44 44 0 0 98 0 96 10 0 46 2 0 96 0 0 0 0 0 0 0 0 0 46 0 0 98 0 2 10 44 46 96 98 
160 0 8 0 42 0 96 0 94 8 0 44 0 94 0 0 0 0 0 0 0 0 0 44 0 0 96 0 0 8 42 44 94 96 
161 100 6 0 40 0 94 0 92 6 0 42 0 92 0 100 0 0 0 0 0 0 0 42 0 0 94 0 0 6 40 42 92 94 
162 98 4 0 38 0 92 0 90 4 0 40 0 90 0 98 0 0 0 0 0 0 0 40 0 0 92 0 0 4 38 40 90 92 98 
163 96 2 0 36 0 90 0 88 2 0 38 0 88 0 96 0 0 0 0 0 0 0 38 0 0 90 0 0 2 36 38 88 90 96 
164 94 0 0 34 0 88 0 86 0 0 36 0 86 0 94 0 0 0 0 0 0 0 36 0 0 88 0 0 0 34 36 86 88 94 
165 92 100 0 32 0 86 100 84 0 0 34 0 84 0 92 0 0 0 0 0 0 0 34 0 0 86 0 0 0 32 34 84 86 92 
166 90 98 0 30 0 84 98 82 0 0 32 0 82 0 90 0 0 0 0 0 0 0 32 0 0 84 0 0 0 30 32 82 84 90 98 
167 88 96 0 28 0 82 96 80 0 0 30 0 80 0 88 0 0 0 0 0 0 0 30 0 0 82 0 0 0 28 30 80 82 88 96 
168 86 94 0 26 0 80 94 78 0 0 28 0 78 0 86 0 0 0 0 0 0 0 28 0 0 80 0 0 0 26 28 78 80 86 94 
169 84 92 0 24 0 78 92 76 0 0 26 0 76 0 84 0 0 0 0 0 0 0 26 0 0 78 0 0 0 24 26 76 78 84 92 
170 82 90 0 22 0 76 90 74 0 0 24 0 74 0 82 0 0 0 0 0 0 0 24 0 0 76 0 0 0 22 24 74 76 82 90 
171 80 88 0 20 0 74 88 72 0 0 22 0 72 0 80 0 0 0 0 0 0 0 22 0 0 74 0 0 0 20 22 72 74 80 88 
172 78 86 0 18 0 72 86 70 0 0 20 0 70 0 78 0 0 0 0 0 0 0 20 0 0 72 0 0 0 18 20 70 72 78 86 
173 76 84 0 16 0 70 84 68 0 0 18 0 68 0 76 0 0 0 0 0 0 0 18 0 0 70 0 0 0 16 18 68 70 76 84 
174 74 82 0 14 0 68 82 66 0 0 16 0 66 0 74 0 0 0 0 0 0 0 16 0 0 68 0 0 0 14 16 66 68 74 82 
175 72 80 0 12 0 66 80 64 0 0 14 0 64 0 72 0 0 0 0 0 0 0 14 0 0 66 0 0 0 12 14 64 66 72 80 
176 70 78 0 10 0 64 78 62 0 0 12 0 62 0 70 0 0 0 0 0 0 0 12 0 0 64 0 0 0 10 12 62 64 70 78 
177 68 76 0 8 0 62 76 60 0 0 10 0 60 0 68 0 0 0 0 0 0 0 10 0 0 62 0 0 0 8 10 60 62 68 76 
178 66 74 0 6 0 60 74 58 0 0 8 0 58 0 66 0 0 0 0 0 0 0 8 0 0 60 0 0 0 6 8 58 60 66 74 
179 64 72 0 4 0 58 72 56 0 0 6 0 56 0 64 0 0 0 0 0 0 0 6 0 0 58 0 0 0 4 6 56 58 64 72 
180 62 70 0 2 0 56 70 54 0 0 4 0 54 0 62 0 0 0 0 0 0 0 4 0 0 56 0 0 0 2 4 54 56 62 70 
181 60 68 0 0 0 54 68 52 0 0 2 0 52 0 60 0 0 0 0 0 0 0 2 0 0 54 0 0 0 0 2 52 54 60 68 
182 58 66 0 0 0 52 66 50 0 0 0 0 50 0 58 0 0 0 0 0 0 0 0 0 0 52 0 0 0 0 0 50 52 58 66 
183 56 64 0 0 0 50 64 48 0 0 0 0 48 0 56 0 0 0 0 0 0 0 0 0 0 50 0 0 0 0 0 48 50 56 64 
184 54 62 0 0 0 48 62 46 0 0 0 0 46 0 54 0 0 0 0 0 0 0 0 0 0 48 0 0 0 0 0 46 48 54 62 
185 52 60 0 0 0 46 60 44 0 0 0 0 44 0 52 0 0 0 0 0 0 0 0 0 0 46 0 0 0 0 0 44 46 52 60 
186 50 58 0 0 0 44 58 42 0 0 0 0 42 0 50 0 0 0 0 0 0 0 0 0 0 44 0 0 0 0 0 42 44 50 58 
187 48 56 0 0 0 42 56 40 0 0 100 0 40 0 48 0 0 0 0 0 0 0 0 0 0 42 0 0 0 100 0 40 42 48 56 
188 46 54 0 0 0 40 54 38 0 0 98 0 38 0 46 0 0 0 0 0 0 0 0 0 0 40 0 0 0 98 0 38 40 46 54 98 
189 44 52 0 0 0 38 52 36 0 0 96 0 36 0 44 0 0 0 0 0 0 0 0 0 0 38 0 0 0 96 0 36 38 44 52 96 
190 42 50 0 0 0 36 50 34 0 0 94 0 34 0 42 0 0 0 0 0 0 0 0 0 0 36 0 0 0 94 0 34 36 42 50 94 
191 40 48 0 0 0 34 48 32 0 0 92 0 32 0 40 0 0 0 0 0 0 0 0 0 0 34 0 0 0 92 0 32 34 40 48 92 
192 38 46 0 0 0 32 46 30 0 0 90 0 30 0 38 0 0 0 0 0 0 0 0 0 0 32 0 0 0 90 0 30 32 38 46 90 
193 36 44 0 0 0 30 44 28 0 0 88 0 28 0 36 0 0 0 0 0 0 0 0 0 0 30 0 0 0 88 0 28 30 36 44 88 
194 34 42 0 0 0 28 42 26 0 0 86 0 26 0 34 0 0 0 0 0 0 0 0 0 0 28 0 0 0 86 0 26 28 34 42 86 
195 32 40 0 0 0 26 40 24 0 0 84 0 24 0 32 0 0 0 0 0 0 0 0 0 0 26 0 0 0 84 0 24 26 32 40 84 
196 30 38 0 0 0 24 38 22 0 0 82 0 22 0 30 0 0 0 0 0 0 0 0 0 0 24 0 0 0 82 0 22 24 30 38 82 
197 28 36 0 0 0 22 36 20 0 0 80 0 20 0 28 0 0 0 0 0 0 0 0 0 0 22 0 0 0 80 0 20 22 28 36 80 
198 26 34 0 0 0 20 34 18 0 0 78 0 18 0 26 0 0 0 0 0 0 0 0 0 0 20 0 0 0 78 0 18 20 26 34 78 
199 24 32 0 0 0 18 32 16 0 0 76 0 16 0 24 0 0 0 0 0 0 0 0 0 0 18 0 0 0 76 0 16 18 24 32 76 
200 22 30 0 0 0 16 30 14 0 0 74 0 14 0 22 0 0 0 0 0 0 0 0 0 0 16 0 0 0 74 0 14 16 22 30 74 
201 20 28 0 0 0 14 28 12 0 0 72 0 12 0 20 0 0 0 0 0 0 0 0 0 0 14 0 0 0 72 0 12 14 20 28 72 
202 18 26 0 0 0 12 26 10 0 100 70 100 10 0 18 0 0 0 0 0 0 0 0 0 0 12 0 0 0 70 0 10 12 18 26 70 
203 16 24 0 0 0 10 24 8 0 98 68 98 8 0 16 0 0 0 0 0 0 0 0 0 0 10 0 0 0 68 0 8 10 16 24 68 98 
204 14 22 0 0 0 8 22 6 0 96 66 96 6 0 14 0 0 0 0 0 0 0 0 0 0 8 0 0 0 66 0 6 8 14 22 66 96 
205 12 20 0 0 0 6 20 4 0 94 64 94 4 0 12 0 0 0 0 0 0 0 0 0 0 6 0 0 0 64 0 4 6 12 20 64 94 
206 10 18 0 0 0 4 18 2 0 92 62 92 2 0 10 0 0 0 0 0 0 0 0 0 0 4 0 0 0 62 0 2 4 10 18 62 92 
207 8 16 0 0 0 2 16 0 0 90 60 90 0 0 8 0 0 0 0 0 0 0 0 0 0 2 0 0 0 60 0 0 2 8 16 60 90 
208 6 14 0 100 0 0 14 0 100 88 58 88 0 0 6 0 0 0 0 0 0 0 0 0 0 0 0 0 0 58 0 0 0 6 14 58 88 
209 4 12 0 98 0 0 12 0 98 56 86 0 0 4 0 0 0 0 0 0 0 100 0 0 100 0 0 0 56 0 0 0 4 12 56 86 98 
210 2 10 0 96 0 0 10 0 96 54 84 0 0 2 0 0 0 0 0 0 0 98 0 0 98 0 0 0 54 0 0 0 2 10 54 84 96 98 
211 0 8 0 94 0 0 8 0 94 52 82 0 0 0 0 0 0 0 0 0 0 96 0 0 96 0 0 0 52 0 0 0 0 8 52 82 94 96 
212 0 6 0 92 0 0 6 0 92 50 80 0 0 0 0 0 0 0 0 0 0 94 0 0 94 0 0 0 50 0 0 0 0 6 50 80 92 94 
213 0 4 0 90 0 0 4 0 90 48 78 0 0 0 0 0 0 0 0 0 0 92 0 0 92 0 0 0 48 0 0 0 0 4 48 78 90 92 
214 0 2 0 88 0 2 0 88 46 76 0 0 0 0 0 0 0 0 0 0 90 0 0 90 0 0 0 46 0 0 0 0 2 46 76 88 90 
215 0 0 86 0 0 0 86 44 74 0 0 0 0 0 0 0 0 0 0 88 0 0 88 0 0 0 44 0 0 0 0 0 44 74 86 88 
216 0 0 84 0 0 0 84 42 72 0 0 0 0 0 0 0 0 0 0 86 0 0 86 0 0 0 42 0 0 0 0 0 42 72 84 86 
217 0 0 82 0 0 0 82 40 70 0 0 0 0 0 0 0 0 0 0 84 0 0 84 0 0 0 40 0 0 0 0 0 40 70 82 84 
218 0 0 80 0 0 0 80 38 68 0 0 0 0 0 0 0 0 0 0 82 0 0 82 0 0 0 38 0 0 0 0 0 38 68 80 82 
219 0 0 78 0 0 0 78 36 66 0 0 0 0 0 0 0 0 0 0 80 0 0 80 0 0 0 36 0 0 0 0 0 36 66 78 80 
220 0 0 100 0 0 76 34 64 100 0 0 0 0 0 0 0 0 0 78 0 0 78 0 0 0 34 0 0 0 0 0 34 64 76 78 
221 0 0 98 0 0 74 32 62 98 0 0 0 0 0 0 0 0 0 76 0 0 76 0 0 0 32 0 0 0 0 0 32 62 74 76 98 
222 0 0 96 0 0 72 30 60 96 0 0 0 0 0 0 0 0 0 74 0 0 74 0 0 0 30 0 0 0 0 0 30 60 72 74 96 
223 0 0 94 0 0 70 28 58 94 0 0 0 0 0 0 0 0 0 72 0 0 72 0 0 0 28 0 0 0 0 0 28 58 70 72 94 
224 0 0 92 100 100 68 26 56 92 0 0 0 0 0 0 0 0 0 70 0 0 70 0 0 0 26 0 0 0 0 0 26 56 68 70 92 
225 0 0 90 98 98 66 24 54 90 0 0 0 0 0 0 0 0 0 68 0 0 68 0 0 0 24 0 0 0 0 0 24 54 66 68 90 98 
226 0 0 88 96 96 64 22 52 88 0 0 0 0 0 0 0 0 0 66 0 0 66 0 0 0 22 0 0 0 0 0 22 52 64 66 88 96 
227 0 0 86 94 94 62 20 50 86 0 0 0 0 0 0 0 0 0 64 0 0 64 0 0 0 20 0 0 0 0 0 20 50 62 64 86 94 
228 0 0 84 92 92 60 18 48 84 0 0 0 0 0 0 0 0 0 62 0 0 62 0 0 0 18 0 0 0 0 0 18 48 60 62 84 92 
229 0 0 82 90 90 58 16 46 82 0 0 0 0 0 0 0 0 0 60 0 0 60 0 0 0 16 0 0 0 0 0 16 46 58 60 82 90 
230 0 0 80 88 88 56 14 44 80 0 0 0 0 0 0 0 0 0 58 0 0 58 0 0 0 14 0 0 0 0 0 14 44 56 58 80 88 
231 0 0 78 86 86 54 12 42 78 0 0 0 0 0 0 0 0 0 56 0 0 56 0 0 0 12 0 0 0 0 0 12 42 54 56 78 86 
232 0 0 76 84 84 52 10 40 76 0 0 0 0 0 0 0 0 0 54 0 0 54 0 0 0 10 0 0 0 0 0 10 40 52 54 76 84 
233 0 0 74 82 82 50 8 38 74 0 0 0 0 0 0 0 0 0 52 0 0 52 0 0 0 8 0 0 0 0 0 8 38 50 52 74 82 
234 0 0 72 80 80 48 6 36 72 0 0 0 0 0 0 0 0 0 50 0 0 50 0 0 0 6 0 0 0 0 0 6 36 48 50 72 80 
235 0 0 70 78 78 46 4 34 70 0 0 0 0 0 0 0 0 0 48 0 0 48 0 0 0 4 0 0 0 0 0 4 34 46 48 70 78 
236 0 0 68 76 76 44 2 32 68 0 0 0 0 0 0 0 0 0 46 0 0 46 0 0 0 2 0 0 0 0 0 2 32 44 46 68 76 
237 0 0 66 74 74 42 0 30 66 0 0 0 0 0 0 0 0 0 44 0 0 44 0 0 0 0 0 0 0 0 0 0 30 42 44 66 74 
238 0 0 64 72 72 40 0 28 64 0 0 0 0 0 0 0 0 0 42 0 0 42 0 0 0 0 0 0 0 0 0 0 28 40 42 64 72 
239 0 0 62 70 70 38 0 26 62 0 0 0 0 0 0 0 0 0 40 0 0 40 0 0 0 0 0 0 0 0 0 0 26 38 40 62 70 
240 0 0 60 68 68 36 0 24 60 0 0 0 0 0 0 0 0 0 38 0 0 38 0 0 0 0 0 0 0 0 0 0 24 36 38 60 68 
241 0 0 58 66 66 34 0 22 58 0 0 0 0 0 0 0 0 0 36 0 0 36 0 0 0 0 0 0 0 0 0 0 22 34 36 58 66 
242 0 0 56 64 64 32 0 20 56 0 0 0 0 0 0 0 0 0 34 0 0 34 0 0 0 0 0 0 0 0 0 0 20 32 34 56 64 
243 0 100 54 62 62 30 100 18 54 0 0 0 0 0 0 0 0 0 32 0 0 32 0 0 0 0 0 0 0 0 0 0 18 30 32 54 62 
244 0 98 52 60 60 28 98 16 52 0 0 0 0 0 0 0 0 0 30 0 0 30 0 0 0 0 0 0 0 0 0 0 16 28 30 52 60 98 
245 0 96 50 58 58 26 96 14 50 0 0 0 0 0 0 0 0 0 28 0 0 28 0 0 0 0 0 0 0 0 0 0 14 26 28 50 58 96 
246 0 94 48 56 56 24 94 12 48 0 0 0 0 0 0 0 0 0 26 0 0 26 0 0 0 0 0 0 0 0 0 0 12 24 26 48 56 94 
247 0 92 46 54 54 22 92 10 46 0 0 0 0 0 0 0 0 0 24 0 0 24 0 0 0 0 0 0 0 0 0 0 10 22 24 46 54 92 
248 0 90 44 52 52 20 90 8 44 0 0 0 0 0 0 0 0 0 22 0 0 22 0 0 0 0 0 0 0 0 0 0 8 20 22 44 52 90 
249 0 88 42 50 50 18 88 6 42 0 0 0 0 0 0 0 0 0 20 0 0 20 0 0 0 0 0 0 0 0 0 0 6 18 20 42 50 88 
250 0 86 40 48 48 16 86 4 40 0 0 0 0 0 0 0 0 0 18 0 0 18 0 0 0 100 0 0 0 0 100 0 4 16 18 40 48 86 
251 0 84 38 46 46 14 84 2 0 0 0 0 0 0 0 0 0 16 0 0 16 0 0 0 98 0 0 0 0 98 0 2 14 16 38 46 84 98 
252 0 82 36 44 44 12 82 0 0 0 0 0 0 0 0 0 0 14 0 0 14 0 0 0 96 0 0 0 0 96 0 0 12 14 36 44 82 96 
253 80 34 42 42 10 80 0 0 0 0 0 0 0 0 0 12 0 0 12 0 0 0 94 0 0 0 0 94 0 0 10 12 34 42 80 94 
254 78 32 40 40 8 78 0 0 0 0 0 0 0 0 0 10 0 0 10 0 0 0 92 0 0 0 0 92 0 0 8 10 32 40 78 92 
255 76 30 38 38 6 76 0 0 0 0 0 0 0 0 0 8 0 0 8 0 0 0 90 0 0 0 0 90 0 0 6 8 30 38 76 90 
256 74 28 36 36 4 74 0 0 0 0 0 0 0 6 0 0 6 0 0 0 88 0 0 0 0 88 0 0 4 6 28 36 74 88 
257 72 26 34 34 2 72 0 0 0 0 0 0 0 4 0 0 4 0 0 0 86 0 0 0 0 86 0 0 2 4 26 34 72 86 
258 70 24 32 32 0 70 0 0 0 0 0 2 0 0 2 0 0 0 84 0 0 0 0 84 0 0 0 2 24 32 70 84 
259 68 22 30 30 0 68 0 0 0 0 0 0 0 0 0 0 82 0 0 0 0 82 0 0 0 0 22 30 68 82 
260 66 20 28 28 0 66 0 0 0 100 0 0 100 0 0 0 80 0 0 0 0 80 0 0 0 0 20 28 66 80 
261 64 18 26 26 0 64 0 0 98 0 0 98 0 0 0 78 0 0 0 0 78 0 0 0 0 18 26 64 78 98 
262 62 16 24 24 0 62 0 0 96 0 0 96 0 0 0 76 0 0 0 0 76 0 0 0 0 16 24 62 76 96 
263 60 14 22 22 0 60 0 0 94 0 0 94 0 0 0 74 0 0 0 0 74 0 0 0 0 14 22 60 74 94 
264 58 12 20 20 0 58 0 0 92 0 0 92 0 0 0 72 0 0 0 0 72 0 0 0 0 12 20 58 72 92 
265 56 10 18 18 0 56 0 90 0 0 90 0 0 0 70 0 0 0 0 70 0 0 0 0 10 18 56 70 90 
266 54 8 16 16 0 54 0 88 0 0 88 0 0 0 68 0 0 0 0 68 0 0 0 0 8 16 54 68 88 
267 52 6 14 14 0 52 86 0 0 86 0 0 0 66 0 0 0 0 66 0 0 0 0 6 14 52 66 86 
268 50 4 12 12 0 50 84 0 0 84 0 0 0 64 0 0 0 0 64 0 0 0 0 4 12 50 64 84 
269 48 2 10 10 0 48 82 0 0 82 0 0 0 62 0 0 0 0 62 0 0 0 0 2 10 48 62 82 
270 46 0 8 8 0 46 80 0 0 80 0 0 0 60 0 0 0 0 60 0 0 0 0 0 8 46 60 80 
271 44 0 6 6 0 44 78 0 0 78 0 0 0 58 0 0 0 0 58 0 0 0 0 0 6 44 58 78 
272 42 0 4 4 0 42 76 0 0 76 0 0 0 56 0 0 0 0 56 0 0 0 0 0 4 42 56 76 
273 40 0 2 2 0 40 74 0 0 74 0 0 0 54 0 0 0 0 54 0 0 0 0 0 2 40 54 74 
274 38 0 0 0 0 38 72 0 0 72 0 0 0 52 0 0 0 0 52 0 0 0 0 0 0 38 52 72 
275 36 0 0 0 0 36 70 0 0 70 0 0 0 50 0 0 0 0 50 0 0 0 0 0 0 36 50 70 
276 34 0 0 0 0 34 68 0 0 68 0 0 0 48 0 0 0 0 48 0 0 0 0 0 0 34 48 68 
277 32 0 0 0 0 32 66 0 0 66 0 0 0 46 0 0 0 0 46 0 0 0 0 0 0 32 46 66 
278 30 0 0 0 0 30 64 0 0 64 0 0 0 44 0 0 0 0 44 0 0 0 0 0 0 30 44 64 
279 28 0 0 0 0 28 62 0 0 62 0 0 0 42 0 0 0 0 42 0 0 0 0 0 0 28 42 62 
280 26 0 0 0 0 26 60 0 0 60 0 0 0 40 0 0 0 0 40 0 0 0 0 0 0 26 40 60 
281 24 0 0 0 0 24 0 0 58 0 0 0 38 0 0 0 0 38 0 0 0 0 0 0 24 38 58 
282 22 0 0 0 0 22 0 0 56 0 0 0 36 0 0 0 0 36 0 0 0 0 0 0 22 36 56 
283 20 0 0 0 0 20 0 0 54 0 0 0 34 0 0 0 0 34 0 0 0 0 0 0 20 34 54 
284 18 0 0 0 0 18 0 0 52 0 0 0 32 0 0 0 0 32 0 0 0 0 0 0 18 32 52 
285 16 0 0 0 0 16 0 0 50 0 0 0 30 0 0 0 0 30 0 0 0 0 0 0 16 30 50 
286 14 0 0 0 0 14 0 0 48 0 0 0 28 0 0 0 0 28 0 0 0 0 0 0 14 28 48 
287 12 0 0 0 0 12 0 0 46 0 0 0 26 0 0 0 0 26 0 0 0 0 0 0 12 26 46 
288 10 0 0 0 0 10 0 0 44 0 0 0 24 0 0 0 0 24 0 0 0 0 0 0 10 24 44 
289 8 0 0 0 0 8 0 0 42 0 0 0 22 0 0 0 0 22 0 0 0 0 0 0 8 22 42 
290 6 0 0 0 0 6 0 0 40 0 0 0 20 0 0 0 0 20 0 0 0 0 0 0 6 20 40 
291 4 0 0 100 0 4 0 100 38 0 0 0 18 0 0 0 0 18 0 0 0 0 0 0 4 18 38 
292 2 0 0 98 0 2 0 98 36 0 0 0 16 0 0 0 0 16 0 0 0 0 0 0 2 16 36 98 
293 0 0 0 96 0 0 0 96 34 0 0 0 14 0 0 0 0 14 0 0 0 0 0 0 0 14 34 96 
294 0 0 0 94 0 0 94 32 0 0 0 12 0 0 0 0 12 0 0 0 0 0 0 0 12 32 94 
295 0 0 0 92 0 0 92 30 0 0 0 10 0 0 0 0 10 0 0 0 0 0 0 0 10 30 92 
296 0 0 0 90 0 0 90 28 0 0 0 8 0 0 0 0 8 0 0 0 0 0 0 0 8 28 90 
297 0 0 0 88 0 0 88 26 0 0 0 6 0 0 0 0 6 0 0 0 0 0 0 0 6 26 88 
298 0 0 0 86 0 0 86 24 0 0 0 4 0 0 0 0 4 0 0 0 0 0 0 0 4 24 86 
299 0 0 0 84 0 0 84 22 0 0 0 2 0 0 0 0 2 0 0 0 0 0 0 0 2 22 84 
300 0 0 0 82 0 0 82 20 0 0 0 100 0 0 0 0 100 0 0 0 0 0 0 0 0 20 82 
301 0 0 0 80 0 0 80 18 0 0 0 98 0 0 0 0 98 0 0 0 0 0 0 0 0 18 80 98 
302 0 0 78 0 0 16 0 0 0 96 0 0 0 0 96 0 0 0 0 0 0 0 0 16 78 96 
303 0 0 76 0 0 14 0 0 0 94 0 0 0 0 94 0 0 0 0 0 0 0 0 14 76 94 
304 0 0 74 0 0 12 0 0 0 92 0 0 0 0 92 0 0 0 0 0 0 0 0 12 74 92 
305 0 0 72 0 0 10 0 0 0 90 0 0 0 0 90 0 0 0 0 0 0 0 0 10 72 90 
306 0 0 70 0 0 8 0 0 0 88 0 0 0 0 88 0 0 0 0 0 0 0 0 8 70 88 
307 0 0 68 0 0 0 0 86 0 0 0 0 86 0 0 0 0 0 0 0 0 6 68 86 
308 0 0 66 0 0 0 0 84 0 0 0 0 84 0 0 0 0 0 0 0 0 4 66 84 
309 0 0 64 0 0 0 0 82 0 0 0 0 82 0 0 0 0 0 0 0 0 2 64 82 
310 0 0 62 0 0 0 0 80 0 0 0 0 80 0 0 0 0 0 0 0 0 0 62 80 
311 0 0 60 0 0 0 78 0 0 0 0 78 0 0 0 0 0 0 0 0 0 60 78 
312 0 0 58 0 0 0 76 0 0 0 0 76 0 0 0 0 0 0 0 0 0 58 76 
313 0 0 56 0 0 0 74 0 0 0 0 74 0 0 0 0 0 0 0 0 0 56 74 
314 0 0 54 0 0 0 72 0 0 0 0 72 0 0 0 0 0 0 0 0 0 54 72 
315 0 0 52 0 0 70 0 0 0 0 70 0 0 0 0 0 0 0 0 0 52 70 
316 0 0 50 0 0 68 0 0 0 0 68 0 0 0 0 0 0 0 0 0 50 68 
317 0 0 48 0 0 66 0 0 0 0 66 0 0 0 0 0 0 0 0 0 48 66 
318 0 0 46 0 0 64 0 0 0 0 64 0 0 0 0 0 0 0 0 0 46 64 
319 0 0 44 0 0 62 0 0 0 0 62 0 0 0 0 0 0 0 0 0 44 62 
320 0 0 42 0 0 60 0 0 0 0 60 0 0 0 0 0 0 0 0 0 42 60 
321 0 0 40 0 58 0 0 0 0 58 0 0 0 0 0 0 0 0 0 40 58 
322 0 0 38 0 56 0 0 0 0 56 0 0 0 0 0 0 0 0 0 38 56 
323 0 0 36 0 54 0 0 0 0 54 0 0 0 0 0 0 0 0 0 36 54 
324 0 0 34 0 52 0 0 0 0 52 0 0 0 0 0 0 0 0 0 34 52 
325 0 0 32 0 50 0 0 0 0 50 0 0 0 0 0 0 0 0 0 32 50 
326 0 0 30 0 48 0 0 0 0 48 0 0 0 0 0 0 0 0 0 30 48 
327 0 0 28 0 46 0 0 0 0 46 0 0 0 0 0 0 0 0 0 28 46 
328 0 0 26 0 44 0 0 0 0 44 0 0 0 0 0 0 0 0 0 26 44 
329 0 0 24 0 42 0 0 0 0 42 0 0 0 0 0 0 0 0 0 24 42 
330 0 0 22 0 40 0 0 0 0 40 0 0 0 0 0 0 0 0 0 22 40 
331 0 0 20 0 38 0 0 0 0 38 0 0 0 0 0 0 0 0 0 20 38 
332 0 0 18 0 0 0 0 0 36 0 0 0 0 0 0 0 0 0 18 36 
333 0 0 16 0 0 0 0 34 0 0 0 0 0 0 0 0 0 16 34 
334 0 0 14 0 0 0 0 32 0 0 0 0 0 0 0 0 0 14 32 
335 0 0 12 0 0 0 0 30 0 0 0 0 0 0 0 0 0 12 30 
336 0 0 10 0 0 0 0 28 0 0 0 0 0 0 0 0 0 10 28 
337 0 0 8 0 0 0 0 26 0 0 0 0 0 0 0 0 0 8 26 
338 0 0 6 0 0 0 0 24 0 0 0 0 0 0 0 0 0 6 24 
339 0 0 4 0 0 0 0 22 0 0 0 0 0 0 0 0 0 4 22 
340 0 0 2 0 0 0 0 20 0 0 0 0 0 0 0 0 0 2 20 
341 0 0 0 0 0 0 0 18 0 0 0 0 0 0 0 0 0 0 18 
342 0 0 0 0 0 0 0 16 0 0 0 0 0 0 0 0 0 0 16 
343 0 0 0 0 0 0 0 14 0 0 0 0 0 0 0 0 0 0 14 
344 0 0 0 0 0 0 0 12 0 0 0 0 0 0 0 0 0 0 12 
345 0 0 0 0 0 0 0 10 0 0 0 0 0 0 0 0 0 0 10 
346 0 0 0 0 0 0 0 8 0 0 0 0 0 0 0 0 0 0 8 
347 0 0 0 0 0 0 0 6 0 0 0 0 0 0 0 0 0 0 6 
348 0 0 0 0 0 0 0 4 0 0 0 0 0 0 0 0 0 0 4 
349 0 0 0 0 0 0 0 2 0 0 0 0 0 0 0 0 0 0 2 
350 0 0 0 0 0 0 0 0 0 0 0 0 0 0 0 0 0 0 0 
351 0 0 0 0 0 0 0 0 0 0 0 0 0 0 0 0 0 0 0 
352 0 0 0 0 0 0 0 0 0 0 0 0 0 0 0 0 0 0 0 
353 0 0 0 0 0 0 0 0 0 0 0 0 0 0 0 0 0 0 0 
354 0 0 0 0 0 0 0 100 0 0 0 0 0 0 0 0 0 0 100 
355 0 0 0 0 0 0 0 98 0 0 0 0 0 0 0 0 0 0 98 98 
356 0 0 0 0 0 0 0 96 0 0 0 0 0 0 0 0 0 0 96 96 
357 0 0 0 0 0 0 0 94 0 0 0 0 0 0 0 0 0 0 94 94 
358 0 0 0 0 0 0 92 0 0 0 0 0 0 0 0 0 0 92 92 
359 0 0 0 0 0 90 0 0 0 0 0 0 0 0 0 0 90 90 
360 0 0 100 0 0 88 0 0 0 0 0 100 0 0 0 0 88 88 
361 0 0 98 0 0 86 0 0 0 0 0 98 0 0 0 0 86 86 98 
362 0 0 96 0 84 0 0 0 0 0 96 0 0 0 0 84 84 96 
363 0 0 0 82 0 0 0 0 0 94 0 0 0 0 82 82 94 
364 0 0 0 80 0 0 0 0 0 92 0 0 0 0 80 80 92 
365 0 0 0 78 0 0 0 0 0 90 0 0 0 0 78 78 90 
366 0 0 0 0 0 0 0 0 88 0 0 0 0 76 76 88 
367 0 0 0 0 0 0 0 0 86 0 0 0 0 74 74 86 
368 0 0 0 0 0 0 0 0 84 0 0 0 0 72 72 84 
369 0 0 0 0 0 0 0 0 82 0 0 0 0 70 70 82 
370 0 0 0 0 0 0 0 0 80 0 0 0 0 68 68 80 
371 0 0 0 0 0 0 0 0 78 0 0 0 0 66 66 78 
372 0 0 0 0 0 0 0 0 76 0 0 0 0 64 64 76 
373 0 0 0 0 0 0 0 0 74 0 0 0 0 62 62 74 
374 0 0 0 0 0 0 0 0 72 0 0 0 0 60 60 72 
375 0 0 0 0 0 0 0 0 70 0 0 0 0 58 58 70 
376 0 0 0 0 0 0 0 0 68 0 0 0 0 56 56 68 
377 0 0 0 0 0 0 0 0 66 0 0 0 0 54 54 66 
378 0 0 0 0 0 0 0 0 64 0 0 0 0 52 52 64 
379 0 0 0 0 0 0 0 0 62 0 0 0 0 50 50 62 
380 0 0 0 0 0 0 0 0 60 0 0 0 0 48 48 60 
381 0 0 0 0 0 0 0 0 58 0 0 0 0 46 46 58 
382 0 0 0 0 0 0 0 0 56 0 0 0 0 44 44 56 
383 0 0 0 0 0 0 0 54 0 0 0 0 42 42 54 
384 0 0 0 0 0 0 0 52 0 0 0 0 40 40 52 
385 0 0 0 0 0 0 0 50 0 0 0 0 38 38 50 
386 0 0 0 0 0 0 0 48 0 0 0 0 36 36 48 
387 0 0 0 0 0 0 0 46 0 0 0 0 34 34 46 
388 0 0 0 0 0 0 44 0 0 0 0 32 32 44 
389 0 0 0 0 0 0 42 0 0 0 0 30 30 42 
390 0 0 0 0 0 0 40 0 0 0 0 28 28 40 
391 0 0 0 0 0 0 38 0 0 0 0 26 26 38 
392 0 0 0 0 0 0 36 0 0 0 0 24 24 36 
393 0 0 0 0 0 0 34 0 0 0 0 22 22 34 
394 0 0 0 0 0 0 32 0 0 0 0 20 20 32 
395 0 0 0 0 0 0 30 0 0 0 0 18 18 30 
396 0 0 0 0 0 0 28 0 0 0 0 16 16 28 
397 0 0 0 0 0 0 26 0 0 0 0 14 14 26 
398 0 0 0 0 0 0 24 0 0 0 0 12 12 24 
399 0 0 0 0 0 0 22 0 0 0 0 10 10 22 
400 0 0 0 0 0 0 20 0 0 0 0 8 8 20 
401 0 0 0 0 0 0 18 0 0 0 0 6 6 18 
402 0 0 0 0 0 16 0 0 0 0 4 4 16 
403 0 0 0 0 14 0 0 0 0 2 2 14 
404 0 0 0 0 12 0 0 0 0 0 0 12 
405 0 0 0 0 10 0 0 0 0 0 0 10 
406 0 0 0 0 8 0 0 0 0 0 0 8 
407 0 0 0 0 6 0 0 0 0 0 0 6 
408 0 0 0 0 4 0 0 0 0 0 0 4 
409 0 0 0 2 0 0 0 0 0 0 2 
410 0 0 0 0 0 0 0 0 0 0 
411 0 0 0 0 0 0 0 0 0 0 
412 0 0 0 0 0 0 0 0 0 0 
413 0 0 0 0 0 0 0 0 0 0 
414 0 0 0 0 0 0 0 0 0 0 
415 0 0 0 0 0 0 0 0 0 0 
416 0 0 0 0 0 0 0 0 0 0 
417 0 0 0 0 0 0 0 0 0 0 
418 0 0 0 0 0 0 0 0 0 0 
419 0 0 0 0 0 0 0 0 0 0 
420 0 0 0 0 0 0 0 0 0 0 
421 0 0 0 0 0 0 0 0 0 
422 0 0 0 0 0 0 0 0 0 
423 0 0 0 0 0 0 0 0 0 
424 0 0 0 0 0 0 0 0 0 
425 0 0 0 0 0 0 0 0 0 
426 0 0 0 0 0 0 0 0 0 
427 0 0 0 0 0 0 0 0 0 
428 0 0 0 0 0 0 0 0 0 
429 0 0 0 0 0 0 0 0 0 
430 0 0 0 0 0 0 0 0 0 
431 0 0 0 0 0 0 0 0 0 
432 0 0 0 0 0 0 0 0 0 
433 0 0 0 0 0 0 0 0 0 
434 0 0 0 0 0 0 0 0 0 
435 0 0 0 0 0 0 0 0 0 
436 0 0 0 0 0 0 0 0 0 
437 0 0 0 0 0 0 0 0 0 
438 0 0 0 0 0 0 0 0 0 
439 0 0 0 0 0 0 0 0 0 
440 0 0 0 0 0 0 0 0 0 
441 0 0 0 0 0 0 0 0 0 
442 0 0 0 0 0 0 0 0 0 
443 0 0 0 0 0 0 0 0 0 
444 0 0 0 0 0 0 0 0 
445 0 0 0 0 0 0 0 0 
446 0 0 0 0 0 0 0 0 
447 0 0 0 0 0 0 0 0 
448 0 0 0 0 0 0 0 0 
449 0 0 0 0 0 0 0 0 
450 0 0 0 0 0 0 0 0 
451 0 0 0 0 0 0 0 
452 0 0 0 0 0 0 0 
453 0 0 0 0 0 0 0 
454 0 0 0 0 0 0 
455 0 0 0 0 0 0 
456 0 0 0 0 0 0 
457 0 0 0 0 0 0 
458 0 0 0 0 0 0 
459 0 0 0 0 0 0 
460 0 0 0 0 0 0 
461 0 0 0 0 0 
462 0 0 0 0 0 
463 0 0 0 0 0 
464 0 0 0 0 0 
465 0 0 0 0 0 
466 0 0 0 0 0 
467 0 0 0 0 0 
468 0 0 0 0 0 
469 0 0 0 0 0 
470 0 0 0 0 0 
471 0 0 0 0 0 
472 0 0 0 0 0 
473 0 0 0 0 0 
474 0 0 0 0 0 
475 0 0 0 0 0 
476 0 0 0 0 0 
477 0 0 0 0 0 
478 0 0 0 0 0 
479 0 0 0 0 0 
480 0 0 0 0 0 
481 0 0 0 0 0 
482 0 0 0 0 0 
483 0 0 0 0 0 
484 0 0 0 0 0 
485 0 0 0 0 0 
486 0 0 0 0 0 
487 0 0 0 0 0 
488 0 0 0 0 0 
489 0 0 0 0 0 
490 0 0 0 0 0 
491 0 0 0 0 0 
492 0 0 0 0 
493 0 0 0 0 
494 0 0 0 0 
495 0 0 0 0 
496 0 0 0 0 
497 0 0 0 0 
498 0 0 0 0 
499 0 0 0 0 
500 0 0 0 0 
501 0 0 0 
502 0 0 0 
503 0 0 0 
504 0 0 0 
505 0 0 0 
506 0 0 0 
507 0 0 0 
508 0 0 0 
509 0 0 0 
510 0 0 0 
511 0 0 0 
512 0 0 0 
513 0 0 0 
514 0 0 0 
515 0 0 0 
516 0 0 0 
517 0 0 0 
518 0 0 0 
519 0 0 0 
520 0 0 0 
521 0 0 0 
522 0 0 0 
523 0 0 0 
524 0 0 0 
525 0 0 0 
526 0 0 0 
527 0 0 0 
528 0 0 0 
529 0 0 0 
530 0 0 0 
531 0 0 0 
532 0 0 0 
533 0 0 0 
534 0 0 0 
535 0 0 0 
536 0 0 0 
537 0 0 0 
538 0 0 0 
539 0 0 0 
540 0 0 0 
541 0 0 0 
542 0 0 0 
543 0 0 0 
544 0 0 0 
545 0 0 0 
546 0 0 0 
547 0 0 0 
548 0 0 0 
549 0 0 0 
550 0 0 0 
551 0 0 0 
552 0 0 0 
553 0 0 0 
554 0 0 0 
555 0 0 
556 0 0 
557 0 0 
558 0 0 
559 0 0 
560 0 0 
561 0 
562 0 
563 
564 
565 
566 
567 
568 
569 
570 
571 
572 
573 
574 
575 
576 
577 
578 
579 
580 
581 
582 
583 
584 
585 
586 
587 
588 
589 
590 
591 
592 
593 
594 
595 
596 
597 
598 
599 
600 
601 
602 
603 
604 
605 
606 
607 
608 
609 
610 
611 
612 
613 
614 
615 
616 
617 
618 
619 
620 
621 
622 
623 
624 
625 
626 
627 
628 
629 
630 
631 
632 
633 
634 
635 
636 
637 
638 
639 
640 
641 
642 
643 
644 
645 
646 
647 
648 
649 
650 
651 
652 
653 
654 
655 
656 
657 
658 
659 
660 
661 
662 
663 
664 
665 
666 
667 
668 
669 
670 
671 
672 
673 
674 
675 
676 
677 
678 
679 
680 
681 
682 
683 
684 
685 
686 
687 
688 
689 
690 
691 
692 
693 
694 
695 
696 
697 
698 
699 
700 
701 
702 
703 
704 
705 
706 
707 
708 
709 
710 
711 
712 
713 
714 
715 
