0 49.5 49.5 49.5 49.5 49.5 49.5 49.5 49.5 49.5 49.5 49.5 49.5 49.5 49.5 49.5 49.5 49.5 49.5 49.5 49.5 49.5 49.5 49.5 49.5 49.5 49.5 49.5 49.5 49.5 49.5 
1 49 49 49 49 49 49 49 49 49 49 49 49 49 49 49 49 49 49 49 49 49 49 49 49 49 49 49 49 49 49 
2 48.5 48.5 48.5 48.5 48.5 48.5 48.5 48.5 48.5 48.5 48.5 48.5 48.5 48.5 48.5 48.5 48.5 48.5 48.5 48.5 48.5 48.5 48.5 48.5 48.5 48.5 48.5 48.5 48.5 48.5 
3 48 48 48 48 48 48 48 48 48 48 48 48 48 48 48 48 48 48 48 48 48 48 48 48 48 48 48 48 48 48 
4 47.5 47.5 47.5 47.5 47.5 47.5 47.5 47.5 47.5 47.5 47.5 47.5 47.5 47.5 47.5 47.5 47.5 47.5 47.5 47.5 47.5 47.5 47.5 47.5 47.5 47.5 47.5 47.5 47.5 47.5 
5 47 47 47 47 47 47 47 47 47 47 47 47 47 47 47 47 47 47 47 47 47 47 47 47 47 47 47 47 47 47 
6 46.5 46.5 46.5 46.5 46.5 46.5 46.5 46.5 46.5 46.5 46.5 46.5 46.5 46.5 46.5 46.5 46.5 46.5 46.5 46.5 46.5 46.5 46.5 46.5 46.5 46.5 46.5 46.5 46.5 46.5 
7 46 46 46 46 46 46 46 46 46 46 46 46 46 46 46 46 46 46 46 46 46 46 46 46 100 46 46 46 46 46 
8 45.5 45.5 45.5 45.5 45.5 45.5 45.5 45.5 45.5 45.5 45.5 45.5 45.5 45.5 45.5 45.5 45.5 45.5 45.5 45.5 45.5 45.5 45.5 45.5 99.5 45.5 45.5 45.5 45.5 45.5 
9 45 45 45 45 45 45 45 45 45 45 45 45 45 45 45 45 45 45 45 45 45 45 45 45 99 100 45 45 45 45 
10 44.5 44.5 44.5 44.5 44.5 44.5 44.5 100 44.5 44.5 44.5 44.5 44.5 44.5 44.5 44.5 44.5 44.5 44.5 44.5 44.5 44.5 100 44.5 98.5 99.5 44.5 44.5 44.5 44.5 
11 44 44 44 44 44 44 44 99.5 44 44 44 44 100 44 44 44 44 44 44 44 44 44 99.5 44 98 99 44 100 44 44 
12 43.5 43.5 43.5 43.5 43.5 43.5 43.5 99 43.5 43.5 43.5 43.5 99.5 43.5 43.5 43.5 43.5 43.5 100 43.5 43.5 43.5 99 43.5 97.5 98.5 43.5 99.5 43.5 43.5 
13 43 43 43 43 43 43 43 98.5 43 43 43 43 99 43 43 43 43 43 99.5 43 43 43 98.5 43 97 98 43 99 43 43 
14 42.5 42.5 42.5 42.5 42.5 42.5 42.5 98 42.5 42.5 42.5 42.5 98.5 42.5 42.5 42.5 100 42.5 99 42.5 42.5 42.5 98 42.5 96.5 97.5 42.5 98.5 42.5 42.5 
15 42 42 42 42 42 42 42 97.5 42 42 42 42 98 42 42 42 99.5 42 98.5 42 42 42 97.5 42 96 97 42 98 42 42 
16 41.5 41.5 41.5 41.5 41.5 41.5 41.5 97 41.5 41.5 41.5 41.5 97.5 41.5 41.5 41.5 99 41.5 98 100 41.5 41.5 97 100 95.5 96.5 41.5 97.5 100 41.5 
17 41 41 41 41 41 41 41 96.5 41 41 41 41 97 41 41 41 98.5 41 97.5 99.5 41 41 96.5 99.5 95 96 41 97 99.5 41 
18 40.5 40.5 40.5 40.5 100 40.5 100 96 40.5 40.5 40.5 40.5 96.5 40.5 40.5 40.5 98 40.5 97 99 40.5 40.5 96 99 94.5 95.5 40.5 96.5 99 40.5 
19 40 40 40 40 99.5 40 99.5 95.5 40 40 40 40 96 40 100 40 97.5 40 96.5 98.5 40 40 95.5 98.5 94 95 40 96 98.5 40 
20 39.5 39.5 39.5 39.5 99 39.5 99 95 39.5 39.5 39.5 39.5 95.5 39.5 99.5 39.5 97 39.5 96 98 39.5 39.5 95 98 93.5 94.5 39.5 95.5 98 39.5 
21 39 39 39 39 98.5 39 98.5 94.5 39 39 39 39 95 39 99 39 96.5 39 95.5 97.5 39 39 94.5 97.5 93 94 39 95 97.5 39 
22 38.5 38.5 38.5 38.5 98 38.5 98 94 38.5 38.5 38.5 38.5 94.5 38.5 98.5 38.5 96 38.5 95 97 38.5 38.5 94 97 92.5 93.5 38.5 94.5 97 38.5 
23 38 38 38 38 97.5 38 97.5 93.5 38 38 38 38 94 38 98 38 95.5 38 94.5 96.5 38 38 93.5 96.5 92 93 38 94 96.5 38 
24 37.5 37.5 37.5 37.5 97 37.5 97 93 37.5 37.5 37.5 37.5 93.5 37.5 97.5 37.5 95 37.5 94 96 37.5 37.5 93 96 91.5 92.5 37.5 93.5 96 37.5 
25 37 100 37 37 96.5 37 96.5 92.5 37 37 37 37 93 37 97 37 94.5 37 93.5 95.5 37 37 92.5 95.5 91 92 37 93 95.5 37 
26 36.5 99.5 36.5 36.5 96 36.5 96 92 36.5 36.5 36.5 36.5 92.5 36.5 96.5 36.5 94 36.5 93 95 36.5 36.5 92 95 90.5 91.5 36.5 92.5 95 36.5 
27 36 99 36 36 95.5 36 95.5 91.5 36 36 36 36 92 36 96 36 93.5 36 92.5 94.5 36 36 91.5 94.5 90 91 36 92 94.5 36 
28 35.5 98.5 35.5 35.5 95 35.5 95 91 35.5 35.5 35.5 100 91.5 35.5 95.5 35.5 93 35.5 92 94 35.5 35.5 91 94 89.5 90.5 35.5 91.5 94 35.5 
29 100 98 35 35 94.5 35 94.5 90.5 35 35 35 99.5 91 35 95 35 92.5 35 91.5 93.5 35 35 90.5 93.5 89 90 35 91 93.5 35 
30 99.5 97.5 34.5 34.5 94 34.5 94 90 34.5 34.5 34.5 99 90.5 34.5 94.5 34.5 92 34.5 91 93 34.5 34.5 90 93 88.5 89.5 34.5 90.5 93 34.5 
31 99 97 34 34 93.5 34 93.5 89.5 34 34 34 98.5 90 100 94 34 91.5 34 90.5 92.5 34 34 89.5 92.5 88 89 34 90 92.5 34 
32 98.5 96.5 33.5 33.5 93 33.5 93 89 33.5 33.5 33.5 98 89.5 99.5 93.5 33.5 91 33.5 90 92 33.5 33.5 89 92 87.5 88.5 33.5 89.5 92 33.5 
33 98 96 33 33 92.5 33 92.5 88.5 33 33 33 97.5 89 99 93 33 90.5 33 89.5 91.5 33 33 88.5 91.5 87 88 33 89 91.5 33 
34 97.5 95.5 32.5 32.5 92 32.5 92 88 32.5 32.5 32.5 97 88.5 98.5 92.5 32.5 90 32.5 89 91 32.5 32.5 88 91 86.5 87.5 32.5 88.5 91 32.5 
35 97 95 32 32 91.5 32 91.5 87.5 32 32 32 96.5 88 98 92 32 89.5 32 88.5 90.5 32 32 87.5 90.5 86 87 32 88 90.5 32 
36 96.5 94.5 31.5 31.5 91 31.5 91 87 31.5 31.5 31.5 96 87.5 97.5 91.5 31.5 89 31.5 88 90 31.5 31.5 87 90 85.5 86.5 31.5 87.5 90 31.5 
37 96 94 31 31 90.5 31 90.5 86.5 31 31 31 95.5 87 97 91 31 88.5 31 87.5 89.5 31 31 86.5 89.5 85 86 31 87 89.5 31 
38 95.5 93.5 30.5 30.5 90 30.5 90 86 30.5 30.5 30.5 95 86.5 96.5 90.5 30.5 88 30.5 87 89 30.5 30.5 86 89 84.5 85.5 30.5 86.5 89 30.5 
39 95 93 30 30 89.5 30 89.5 85.5 30 30 30 94.5 86 96 90 30 87.5 30 86.5 88.5 30 30 85.5 88.5 84 85 30 86 88.5 30 
40 94.5 92.5 29.5 29.5 89 29.5 89 85 29.5 29.5 29.5 94 85.5 95.5 89.5 29.5 87 29.5 86 88 29.5 29.5 85 88 83.5 84.5 29.5 85.5 88 29.5 
41 94 92 29 29 88.5 29 88.5 84.5 29 29 29 93.5 85 95 89 29 86.5 29 85.5 87.5 29 29 84.5 87.5 83 84 29 85 87.5 29 
42 93.5 91.5 28.5 28.5 88 28.5 88 84 28.5 28.5 28.5 93 84.5 94.5 88.5 28.5 86 28.5 85 87 28.5 28.5 84 87 82.5 83.5 28.5 84.5 87 28.5 
43 93 91 28 28 87.5 28 87.5 83.5 28 28 28 92.5 84 94 88 28 85.5 28 84.5 86.5 28 28 83.5 86.5 82 83 28 84 86.5 28 
44 92.5 90.5 27.5 27.5 87 27.5 87 83 27.5 27.5 27.5 92 83.5 93.5 87.5 27.5 85 27.5 84 86 27.5 27.5 83 86 81.5 82.5 27.5 83.5 86 27.5 
45 92 90 27 27 86.5 27 86.5 82.5 27 27 27 91.5 83 93 87 27 84.5 27 83.5 85.5 27 27 82.5 85.5 81 82 27 83 85.5 27 
46 91.5 89.5 26.5 26.5 86 26.5 86 82 26.5 26.5 26.5 91 82.5 92.5 86.5 26.5 84 26.5 83 85 26.5 26.5 82 85 80.5 81.5 26.5 82.5 85 26.5 
47 91 89 26 26 85.5 26 85.5 81.5 26 26 26 90.5 82 92 86 26 83.5 26 82.5 84.5 26 26 81.5 84.5 80 81 26 82 84.5 26 
48 90.5 88.5 25.5 25.5 85 25.5 85 81 25.5 25.5 25.5 90 81.5 91.5 85.5 25.5 83 25.5 82 84 25.5 25.5 81 84 79.5 80.5 25.5 81.5 84 25.5 
49 90 88 25 25 84.5 25 84.5 80.5 25 25 25 89.5 81 91 85 25 82.5 25 81.5 83.5 25 25 80.5 83.5 79 80 25 81 83.5 25 
50 89.5 87.5 24.5 24.5 84 24.5 84 80 24.5 24.5 24.5 89 80.5 90.5 84.5 24.5 82 24.5 81 83 24.5 24.5 80 83 78.5 79.5 24.5 80.5 83 24.5 
51 89 87 24 24 83.5 24 83.5 79.5 24 24 24 88.5 80 90 84 24 81.5 24 80.5 82.5 24 24 79.5 82.5 78 79 24 80 82.5 24 
52 88.5 86.5 23.5 23.5 83 23.5 83 79 23.5 23.5 23.5 88 79.5 89.5 83.5 23.5 81 23.5 80 82 23.5 23.5 79 82 77.5 78.5 23.5 79.5 82 23.5 99.5 99.5 
53 88 86 23 23 82.5 23 82.5 78.5 23 23 23 87.5 79 89 83 23 80.5 23 79.5 81.5 23 23 78.5 81.5 77 78 23 79 81.5 23 99 99 99.5 
54 87.5 85.5 22.5 22.5 82 22.5 82 78 22.5 22.5 22.5 87 78.5 88.5 82.5 22.5 80 22.5 79 81 22.5 22.5 78 81 76.5 77.5 22.5 78.5 81 22.5 98.5 98.5 99 
55 87 85 22 22 81.5 22 81.5 77.5 22 22 22 86.5 78 88 82 22 79.5 22 78.5 80.5 22 22 77.5 80.5 76 77 22 78 80.5 22 98 98 98.5 99.5 
56 86.5 84.5 21.5 21.5 81 21.5 81 77 21.5 21.5 21.5 86 77.5 87.5 81.5 21.5 79 21.5 78 80 21.5 21.5 77 80 75.5 76.5 21.5 77.5 80 21.5 97.5 97.5 98 99 
57 86 84 21 21 80.5 21 80.5 76.5 21 21 21 85.5 77 87 81 21 78.5 21 77.5 79.5 21 21 76.5 79.5 75 76 21 77 79.5 21 97 97 97.5 98.5 
58 85.5 83.5 20.5 20.5 80 20.5 80 76 20.5 20.5 20.5 85 76.5 86.5 80.5 20.5 78 20.5 77 79 20.5 20.5 76 79 74.5 75.5 20.5 76.5 79 20.5 96.5 96.5 97 98 99.5 
59 85 83 20 20 79.5 20 79.5 75.5 20 20 20 84.5 76 86 80 20 77.5 20 76.5 78.5 20 20 75.5 78.5 74 75 20 76 78.5 20 96 96 96.5 97.5 99 99.5 
60 84.5 82.5 100 19.5 79 19.5 79 75 19.5 19.5 19.5 84 75.5 85.5 79.5 19.5 77 19.5 76 78 19.5 19.5 75 78 73.5 74.5 19.5 75.5 78 19.5 95.5 95.5 96 97 98.5 99 99.5 99.5 
61 84 82 99.5 19 78.5 19 78.5 74.5 19 19 19 83.5 75 85 79 19 76.5 19 75.5 77.5 19 19 74.5 77.5 73 74 19 75 77.5 19 95 95 95.5 96.5 98 98.5 99 99 
62 83.5 81.5 99 18.5 78 18.5 78 74 18.5 18.5 18.5 83 74.5 84.5 78.5 18.5 76 18.5 75 77 18.5 18.5 74 77 72.5 73.5 18.5 74.5 77 18.5 94.5 94.5 95 96 97.5 98 98.5 98.5 99.5 99.5 
63 83 81 98.5 18 77.5 18 77.5 73.5 18 18 18 82.5 74 84 78 18 75.5 18 74.5 76.5 18 18 73.5 76.5 72 73 18 74 76.5 18 94 94 94.5 95.5 97 97.5 98 98 99 99 
64 82.5 80.5 98 17.5 77 17.5 77 73 17.5 17.5 17.5 82 73.5 83.5 77.5 17.5 75 17.5 74 76 17.5 17.5 73 76 71.5 72.5 17.5 73.5 76 17.5 93.5 93.5 94 95 96.5 97 97.5 97.5 98.5 98.5 
65 82 80 97.5 17 76.5 17 76.5 72.5 17 17 17 81.5 73 83 77 17 74.5 17 73.5 75.5 17 17 72.5 75.5 71 72 17 73 75.5 17 93 93 93.5 94.5 96 96.5 97 97 98 98 
66 81.5 79.5 97 16.5 76 100 76 72 16.5 16.5 16.5 81 72.5 82.5 76.5 16.5 74 16.5 73 75 16.5 16.5 72 75 70.5 71.5 16.5 72.5 75 16.5 92.5 92.5 93 94 95.5 96 96.5 96.5 97.5 97.5 
67 81 79 96.5 16 75.5 99.5 75.5 71.5 16 16 16 80.5 72 82 76 16 73.5 16 72.5 74.5 16 16 71.5 74.5 70 71 16 72 74.5 16 92 92 92.5 93.5 95 95.5 96 96 97 97 
68 80.5 78.5 96 15.5 75 99 75 71 15.5 15.5 15.5 80 71.5 81.5 75.5 15.5 73 15.5 72 74 15.5 15.5 71 74 69.5 70.5 15.5 71.5 74 15.5 91.5 91.5 92 93 94.5 95 95.5 95.5 96.5 96.5 
69 80 78 95.5 15 74.5 98.5 74.5 70.5 15 15 15 79.5 71 81 75 15 72.5 15 71.5 73.5 15 15 70.5 73.5 69 70 15 71 73.5 15 91 91 91.5 92.5 94 94.5 95 95 96 96 
70 79.5 77.5 95 14.5 74 98 74 70 14.5 14.5 14.5 79 70.5 80.5 74.5 14.5 72 14.5 71 73 14.5 14.5 70 73 68.5 69.5 14.5 70.5 73 14.5 90.5 90.5 91 92 93.5 94 94.5 94.5 95.5 95.5 99.5 
71 79 77 94.5 14 73.5 97.5 73.5 69.5 14 14 14 78.5 70 80 74 14 71.5 14 70.5 72.5 14 14 69.5 72.5 68 69 14 70 72.5 14 90 90 90.5 91.5 93 93.5 94 94 95 95 99 
72 78.5 76.5 94 13.5 73 97 73 69 13.5 13.5 13.5 78 69.5 79.5 73.5 13.5 71 100 70 72 13.5 13.5 69 72 67.5 68.5 13.5 69.5 72 13.5 89.5 89.5 90 91 92.5 93 93.5 93.5 94.5 94.5 98.5 
73 78 76 93.5 13 72.5 96.5 72.5 68.5 13 13 13 77.5 69 79 73 13 70.5 99.5 69.5 71.5 13 13 68.5 71.5 67 68 13 69 71.5 13 89 89 89.5 90.5 92 92.5 93 93 94 94 98 
74 77.5 75.5 93 12.5 72 96 72 68 12.5 12.5 12.5 77 68.5 78.5 72.5 12.5 70 99 69 71 12.5 12.5 68 71 66.5 67.5 12.5 68.5 71 100 88.5 88.5 89 90 91.5 92 92.5 92.5 93.5 93.5 97.5 
75 77 75 92.5 12 71.5 95.5 71.5 67.5 12 12 12 76.5 68 78 72 12 69.5 98.5 68.5 70.5 12 12 67.5 70.5 66 67 12 68 70.5 99.5 88 88 88.5 89.5 91 91.5 92 92 93 93 97 
76 76.5 74.5 92 11.5 71 95 71 67 11.5 11.5 11.5 76 67.5 77.5 71.5 11.5 69 98 68 70 11.5 11.5 67 70 65.5 66.5 11.5 67.5 70 99 87.5 87.5 88 89 90.5 91 91.5 91.5 92.5 92.5 96.5 99.5 
77 76 74 91.5 100 70.5 94.5 70.5 66.5 11 11 11 75.5 67 77 71 11 68.5 97.5 67.5 69.5 11 11 66.5 69.5 65 66 11 67 69.5 98.5 87 87 87.5 88.5 90 90.5 91 91 92 92 96 99 
78 75.5 73.5 91 99.5 70 94 70 66 10.5 10.5 100 75 66.5 76.5 70.5 10.5 68 97 67 69 10.5 10.5 66 69 64.5 65.5 10.5 66.5 69 98 86.5 86.5 87 88 89.5 90 90.5 90.5 91.5 91.5 95.5 98.5 
79 75 73 90.5 99 69.5 93.5 69.5 65.5 10 10 99.5 74.5 66 76 70 10 67.5 96.5 66.5 68.5 10 10 65.5 68.5 64 65 10 66 68.5 97.5 86 86 86.5 87.5 89 89.5 90 90 91 91 95 98 
80 74.5 72.5 90 98.5 69 93 69 65 9.5 9.5 99 74 65.5 75.5 69.5 9.5 67 96 66 68 9.5 9.5 65 68 63.5 64.5 9.5 65.5 68 97 85.5 85.5 86 87 88.5 89 89.5 89.5 90.5 90.5 94.5 97.5 
81 74 72 89.5 98 68.5 92.5 68.5 64.5 9 9 98.5 73.5 65 75 69 9 66.5 95.5 65.5 67.5 9 9 64.5 67.5 63 64 100 65 67.5 96.5 85 85 85.5 86.5 88 88.5 89 89 90 90 94 97 
82 73.5 71.5 89 97.5 68 92 68 64 8.5 8.5 98 73 64.5 74.5 68.5 8.5 66 95 65 67 8.5 8.5 64 67 62.5 63.5 99.5 64.5 67 96 84.5 84.5 85 86 87.5 88 88.5 88.5 89.5 89.5 93.5 96.5 
83 73 71 88.5 97 67.5 91.5 67.5 63.5 8 8 97.5 72.5 64 74 68 8 65.5 94.5 64.5 66.5 8 8 63.5 66.5 62 63 99 64 66.5 95.5 84 84 84.5 85.5 87 87.5 88 88 89 89 93 96 
84 72.5 70.5 88 96.5 67 91 67 63 7.5 7.5 97 72 63.5 73.5 67.5 7.5 65 94 64 66 7.5 7.5 63 66 61.5 62.5 98.5 63.5 66 95 83.5 83.5 84 85 86.5 87 87.5 87.5 88.5 88.5 92.5 95.5 
85 72 70 87.5 96 66.5 90.5 66.5 62.5 7 7 96.5 71.5 63 73 67 7 64.5 93.5 63.5 65.5 7 7 62.5 65.5 61 62 98 63 65.5 94.5 83 83 83.5 84.5 86 86.5 87 87 88 88 92 95 
86 71.5 69.5 87 95.5 66 90 66 62 6.5 6.5 96 71 62.5 72.5 66.5 6.5 64 93 63 65 6.5 6.5 62 65 60.5 61.5 97.5 62.5 65 94 82.5 82.5 83 84 85.5 86 86.5 86.5 87.5 87.5 91.5 94.5 99.5 
87 71 69 86.5 95 65.5 89.5 65.5 61.5 6 6 95.5 70.5 62 72 66 6 63.5 92.5 62.5 64.5 6 6 61.5 64.5 60 61 97 62 64.5 93.5 82 82 82.5 83.5 85 85.5 86 86 87 87 91 94 99 
88 70.5 68.5 86 94.5 65 89 65 61 5.5 5.5 95 70 61.5 71.5 65.5 5.5 63 92 62 64 5.5 5.5 61 64 59.5 60.5 96.5 61.5 64 93 81.5 81.5 82 83 84.5 85 85.5 85.5 86.5 86.5 90.5 93.5 98.5 
89 70 68 85.5 94 64.5 88.5 64.5 60.5 5 5 94.5 69.5 61 71 65 100 62.5 91.5 61.5 63.5 5 5 60.5 63.5 59 60 96 61 63.5 92.5 81 81 81.5 82.5 84 84.5 85 85 86 86 90 93 98 
90 69.5 67.5 85 93.5 64 88 64 60 4.5 4.5 94 69 60.5 70.5 64.5 99.5 62 91 61 63 4.5 4.5 60 63 58.5 59.5 95.5 60.5 63 92 80.5 80.5 81 82 83.5 84 84.5 84.5 85.5 85.5 89.5 92.5 97.5 
91 69 67 84.5 93 63.5 87.5 63.5 59.5 4 4 93.5 68.5 60 70 64 99 61.5 90.5 60.5 62.5 4 4 59.5 62.5 58 59 95 60 62.5 91.5 80 80 80.5 81.5 83 83.5 84 84 85 85 89 92 97 
92 68.5 66.5 84 92.5 63 87 63 59 3.5 3.5 93 68 59.5 69.5 63.5 98.5 61 90 60 62 3.5 3.5 59 62 57.5 58.5 94.5 59.5 62 91 79.5 79.5 80 81 82.5 83 83.5 83.5 84.5 84.5 88.5 91.5 96.5 
93 68 66 83.5 92 62.5 86.5 62.5 58.5 3 3 92.5 67.5 59 69 63 98 60.5 89.5 59.5 61.5 3 3 58.5 61.5 57 58 94 59 61.5 90.5 79 79 79.5 80.5 82 82.5 83 83 84 84 88 91 96 
94 67.5 65.5 83 91.5 62 86 62 58 2.5 2.5 92 67 58.5 68.5 62.5 97.5 60 89 59 61 2.5 2.5 58 61 56.5 57.5 93.5 58.5 61 90 78.5 78.5 79 80 81.5 82 82.5 82.5 83.5 83.5 87.5 90.5 95.5 
95 67 65 82.5 91 61.5 85.5 61.5 57.5 2 2 91.5 66.5 58 68 62 97 59.5 88.5 58.5 60.5 2 2 57.5 60.5 56 57 93 58 60.5 89.5 78 78 78.5 79.5 81 81.5 82 82 83 83 87 90 95 
96 66.5 64.5 82 90.5 61 85 61 57 1.5 1.5 91 66 57.5 67.5 61.5 96.5 59 88 58 60 1.5 1.5 57 60 55.5 56.5 92.5 57.5 60 89 77.5 77.5 78 79 80.5 81 81.5 81.5 82.5 82.5 86.5 89.5 94.5 
97 66 64 81.5 90 60.5 84.5 60.5 56.5 1 1 90.5 65.5 57 67 61 96 58.5 87.5 57.5 59.5 1 1 56.5 59.5 55 56 92 57 59.5 88.5 77 77 77.5 78.5 80 80.5 81 81 82 82 86 89 94 
98 65.5 63.5 81 89.5 60 84 60 56 0.5 0.5 90 65 56.5 66.5 60.5 95.5 58 87 57 59 0.5 0.5 56 59 54.5 55.5 91.5 56.5 59 88 76.5 76.5 77 78 79.5 80 80.5 80.5 81.5 81.5 85.5 88.5 93.5 
99 65 63 80.5 89 59.5 83.5 59.5 55.5 0 0 89.5 64.5 56 66 60 95 57.5 86.5 56.5 58.5 0 0 55.5 58.5 54 55 91 56 58.5 87.5 76 76 76.5 77.5 79 79.5 80 80 81 81 85 88 93 
100 64.5 62.5 80 88.5 59 83 59 55 89 64 55.5 65.5 59.5 94.5 57 86 56 58 55 58 53.5 54.5 90.5 55.5 58 87 75.5 75.5 76 77 78.5 79 79.5 79.5 80.5 80.5 84.5 87.5 92.5 
101 64 62 79.5 88 58.5 82.5 58.5 54.5 88.5 63.5 55 65 59 94 56.5 85.5 55.5 57.5 54.5 57.5 53 54 90 55 57.5 86.5 75 75 75.5 76.5 78 78.5 79 79 80 80 84 87 92 
102 63.5 61.5 79 87.5 58 82 58 54 88 63 54.5 64.5 58.5 93.5 56 85 55 57 54 57 52.5 53.5 89.5 54.5 57 86 74.5 74.5 75 76 77.5 78 78.5 78.5 79.5 79.5 83.5 86.5 91.5 
103 63 61 78.5 87 57.5 81.5 57.5 53.5 87.5 62.5 54 64 58 93 55.5 84.5 54.5 56.5 53.5 56.5 52 53 89 54 56.5 85.5 74 74 74.5 75.5 77 77.5 78 78 79 79 83 86 91 
104 62.5 60.5 78 86.5 57 81 57 53 87 62 53.5 63.5 57.5 92.5 55 84 54 56 53 56 51.5 52.5 88.5 53.5 56 85 73.5 73.5 74 75 76.5 77 77.5 77.5 78.5 78.5 82.5 85.5 90.5 
105 62 60 77.5 86 56.5 80.5 56.5 52.5 86.5 61.5 53 63 57 92 54.5 83.5 53.5 55.5 52.5 55.5 51 52 88 53 55.5 84.5 73 73 73.5 74.5 76 76.5 77 77 78 78 82 85 90 
106 61.5 59.5 77 85.5 56 80 56 52 86 61 52.5 62.5 56.5 91.5 54 83 53 55 52 55 50.5 51.5 87.5 52.5 55 84 72.5 72.5 73 74 75.5 76 76.5 76.5 77.5 77.5 81.5 84.5 89.5 99.5 
107 61 59 76.5 85 55.5 79.5 55.5 51.5 85.5 60.5 52 62 56 91 53.5 82.5 52.5 54.5 51.5 54.5 50 51 87 52 54.5 83.5 72 72 72.5 73.5 75 75.5 76 76 77 77 81 84 89 99 
108 60.5 58.5 76 84.5 55 79 55 51 85 60 51.5 61.5 55.5 90.5 53 82 52 54 51 54 49.5 50.5 86.5 51.5 54 83 71.5 71.5 72 73 74.5 75 75.5 75.5 76.5 76.5 80.5 83.5 88.5 98.5 99.5 
109 60 58 75.5 84 54.5 78.5 54.5 50.5 84.5 59.5 51 61 55 90 52.5 81.5 51.5 53.5 50.5 53.5 49 50 86 51 53.5 82.5 71 71 71.5 72.5 74 74.5 75 75 76 76 80 83 88 98 99 99.5 
110 59.5 57.5 75 83.5 54 78 54 50 84 59 50.5 60.5 54.5 89.5 52 81 51 53 50 53 48.5 49.5 85.5 50.5 53 82 70.5 70.5 71 72 73.5 74 74.5 74.5 75.5 75.5 79.5 82.5 87.5 97.5 98.5 99 
111 59 57 74.5 83 53.5 77.5 53.5 49.5 83.5 58.5 50 60 54 89 51.5 80.5 50.5 52.5 49.5 52.5 48 49 85 50 52.5 81.5 70 70 70.5 71.5 73 73.5 74 74 75 75 79 82 87 97 98 98.5 99.5 
112 58.5 56.5 74 82.5 53 77 53 49 83 58 49.5 59.5 53.5 88.5 51 80 50 52 49 52 47.5 48.5 84.5 49.5 52 81 69.5 69.5 70 71 72.5 73 73.5 73.5 74.5 74.5 78.5 81.5 86.5 96.5 97.5 98 99 
113 58 56 73.5 82 52.5 76.5 52.5 48.5 82.5 57.5 49 59 53 88 50.5 79.5 49.5 51.5 48.5 51.5 47 48 84 49 51.5 80.5 69 69 69.5 70.5 72 72.5 73 73 74 74 78 81 86 96 97 97.5 98.5 99.5 
114 57.5 55.5 73 81.5 52 76 52 48 82 57 48.5 58.5 52.5 87.5 50 79 49 51 48 100 46.5 47.5 83.5 48.5 51 80 68.5 68.5 69 70 71.5 72 72.5 72.5 73.5 73.5 77.5 80.5 85.5 95.5 96.5 97 98 99 
115 57 55 72.5 81 51.5 75.5 51.5 47.5 81.5 100 48 58 52 87 49.5 78.5 48.5 50.5 47.5 99.5 46 47 83 48 50.5 79.5 68 68 68.5 69.5 71 71.5 72 72 73 73 77 80 85 95 96 96.5 97.5 98.5 
116 56.5 54.5 72 80.5 51 75 51 47 81 99.5 47.5 57.5 51.5 86.5 49 78 48 50 47 99 45.5 46.5 82.5 47.5 50 79 67.5 67.5 68 69 70.5 71 71.5 71.5 72.5 72.5 76.5 79.5 84.5 94.5 95.5 96 97 98 99.5 
117 56 54 71.5 80 50.5 74.5 50.5 46.5 80.5 99 47 57 51 86 48.5 77.5 47.5 49.5 46.5 98.5 45 46 82 47 49.5 78.5 67 67 67.5 68.5 70 70.5 71 71 72 72 76 79 84 94 95 95.5 96.5 97.5 99 
118 55.5 53.5 71 79.5 50 74 50 46 80 98.5 46.5 56.5 50.5 85.5 48 77 47 49 46 98 44.5 45.5 81.5 46.5 49 78 66.5 66.5 67 68 69.5 70 70.5 70.5 71.5 71.5 75.5 78.5 83.5 93.5 94.5 95 96 97 98.5 
119 55 53 70.5 79 49.5 73.5 49.5 45.5 79.5 98 46 56 50 85 47.5 76.5 46.5 48.5 45.5 97.5 100 45 81 46 48.5 77.5 66 66 66.5 67.5 69 69.5 70 70 71 71 75 78 83 93 94 94.5 95.5 96.5 98 
120 54.5 52.5 70 78.5 49 73 49 45 79 97.5 45.5 55.5 49.5 84.5 47 76 46 48 45 97 99.5 44.5 80.5 45.5 48 77 65.5 65.5 66 67 68.5 69 69.5 69.5 70.5 70.5 74.5 77.5 82.5 92.5 93.5 94 95 96 97.5 99.5 
121 54 52 69.5 78 48.5 72.5 48.5 44.5 78.5 97 45 55 49 84 46.5 75.5 45.5 47.5 44.5 96.5 99 44 80 45 47.5 76.5 65 65 65.5 66.5 68 68.5 69 69 70 70 74 77 82 92 93 93.5 94.5 95.5 97 99 
122 53.5 51.5 69 77.5 48 72 48 44 78 96.5 44.5 54.5 48.5 83.5 46 75 45 47 44 96 98.5 43.5 79.5 44.5 47 76 64.5 64.5 65 66 67.5 68 68.5 68.5 69.5 69.5 73.5 76.5 81.5 91.5 92.5 93 94 95 96.5 98.5 
123 53 51 68.5 77 47.5 71.5 47.5 43.5 77.5 96 44 54 48 83 45.5 74.5 44.5 46.5 43.5 95.5 98 43 79 44 46.5 75.5 64 64 64.5 65.5 67 67.5 68 68 69 69 73 76 81 91 92 92.5 93.5 94.5 96 98 
124 52.5 50.5 68 76.5 47 71 47 43 77 95.5 43.5 53.5 47.5 82.5 45 74 44 46 43 95 97.5 42.5 78.5 43.5 46 75 63.5 63.5 64 65 66.5 67 67.5 67.5 68.5 68.5 72.5 75.5 80.5 90.5 91.5 92 93 94 95.5 97.5 
125 52 50 67.5 76 46.5 70.5 46.5 42.5 76.5 95 43 53 47 82 44.5 73.5 43.5 45.5 42.5 94.5 97 42 78 43 45.5 74.5 63 63 63.5 64.5 66 66.5 67 67 68 68 72 75 80 90 91 91.5 92.5 93.5 95 97 
126 51.5 49.5 67 75.5 46 70 46 42 76 94.5 42.5 52.5 46.5 81.5 44 73 43 45 42 94 96.5 41.5 77.5 42.5 45 74 62.5 62.5 63 64 65.5 66 66.5 66.5 67.5 67.5 71.5 74.5 79.5 89.5 90.5 91 92 93 94.5 96.5 
127 51 49 66.5 75 45.5 69.5 45.5 41.5 75.5 94 42 52 46 81 43.5 72.5 42.5 44.5 41.5 93.5 96 41 77 42 44.5 73.5 62 62 62.5 63.5 65 65.5 66 66 67 67 71 74 79 89 90 90.5 91.5 92.5 94 96 
128 50.5 48.5 66 74.5 45 69 45 41 75 93.5 41.5 51.5 45.5 80.5 43 72 42 44 41 93 95.5 40.5 76.5 41.5 100 73 61.5 61.5 62 63 64.5 65 65.5 65.5 66.5 66.5 70.5 73.5 78.5 88.5 89.5 90 91 92 93.5 95.5 99.5 
129 50 48 65.5 74 44.5 68.5 44.5 40.5 74.5 93 41 51 45 80 42.5 71.5 41.5 43.5 40.5 92.5 95 40 76 41 99.5 72.5 61 61 61.5 62.5 64 64.5 65 65 66 66 70 73 78 88 89 89.5 90.5 91.5 93 95 99 
130 49.5 47.5 65 73.5 44 68 44 40 74 92.5 40.5 50.5 44.5 79.5 42 71 41 43 40 92 94.5 39.5 75.5 40.5 99 72 60.5 60.5 61 62 63.5 64 64.5 64.5 65.5 65.5 69.5 72.5 77.5 87.5 88.5 89 90 91 92.5 94.5 98.5 
131 49 47 64.5 73 43.5 67.5 43.5 39.5 73.5 92 100 50 44 79 41.5 70.5 40.5 42.5 39.5 91.5 94 39 75 100 98.5 71.5 60 60 60.5 61.5 63 63.5 64 64 65 65 69 72 77 87 88 88.5 89.5 90.5 92 94 98 99.5 
132 48.5 46.5 64 72.5 43 67 43 39 73 91.5 99.5 49.5 43.5 78.5 41 70 40 100 39 91 93.5 38.5 74.5 99.5 98 71 59.5 59.5 60 61 62.5 63 63.5 63.5 64.5 64.5 68.5 71.5 76.5 86.5 87.5 88 89 90 91.5 93.5 97.5 99 
133 48 46 63.5 72 42.5 66.5 42.5 38.5 72.5 91 99 49 43 78 40.5 69.5 39.5 99.5 38.5 90.5 93 38 74 99 97.5 70.5 59 59 59.5 60.5 62 62.5 63 63 64 64 68 71 76 86 87 87.5 88.5 89.5 91 93 97 98.5 99.5 
134 47.5 45.5 63 71.5 42 66 42 38 72 90.5 98.5 48.5 42.5 77.5 40 69 39 99 38 90 92.5 37.5 73.5 98.5 97 70 58.5 58.5 59 60 61.5 62 62.5 62.5 63.5 63.5 67.5 70.5 75.5 85.5 86.5 87 88 89 90.5 92.5 96.5 98 99 
135 47 45 62.5 71 41.5 65.5 41.5 37.5 71.5 90 98 48 42 77 39.5 68.5 38.5 98.5 37.5 89.5 92 37 73 98 96.5 69.5 58 58 58.5 59.5 61 61.5 62 62 63 63 67 70 75 85 86 86.5 87.5 88.5 90 92 96 97.5 98.5 
136 46.5 44.5 62 70.5 41 65 41 37 71 89.5 97.5 47.5 41.5 76.5 39 68 38 98 37 89 91.5 36.5 72.5 97.5 96 69 57.5 57.5 58 59 60.5 61 61.5 61.5 62.5 62.5 66.5 69.5 74.5 84.5 85.5 86 87 88 89.5 91.5 95.5 97 98 
137 46 44 61.5 70 40.5 64.5 40.5 36.5 70.5 89 97 47 41 76 38.5 67.5 37.5 97.5 36.5 88.5 91 36 72 97 95.5 68.5 57 57 57.5 58.5 60 60.5 61 61 62 62 66 69 74 84 85 85.5 86.5 87.5 89 91 95 96.5 97.5 99.5 
138 45.5 43.5 61 69.5 40 64 40 36 70 88.5 96.5 46.5 40.5 75.5 38 67 37 97 36 88 90.5 35.5 71.5 96.5 95 68 56.5 56.5 57 58 59.5 60 60.5 60.5 61.5 61.5 65.5 68.5 73.5 83.5 84.5 85 86 87 88.5 90.5 94.5 96 97 99 99.5 
139 45 43 60.5 69 39.5 63.5 39.5 35.5 69.5 88 96 46 40 75 37.5 66.5 36.5 96.5 35.5 87.5 90 35 71 96 94.5 67.5 56 56 56.5 57.5 59 59.5 60 60 61 61 65 68 73 83 84 84.5 85.5 86.5 88 90 94 95.5 96.5 98.5 99 
140 44.5 42.5 60 68.5 39 63 39 35 69 87.5 95.5 45.5 39.5 74.5 37 66 36 96 35 87 89.5 34.5 70.5 95.5 94 67 55.5 55.5 56 57 58.5 59 59.5 59.5 60.5 60.5 64.5 67.5 72.5 82.5 83.5 84 85 86 87.5 89.5 93.5 95 96 98 98.5 
141 44 42 59.5 68 38.5 62.5 38.5 34.5 68.5 87 95 45 39 74 36.5 65.5 35.5 95.5 34.5 86.5 89 34 70 95 93.5 66.5 55 55 55.5 56.5 58 58.5 59 59 60 60 64 67 72 82 83 83.5 84.5 85.5 87 89 93 94.5 95.5 97.5 98 
142 43.5 100 59 67.5 38 62 38 34 68 86.5 94.5 44.5 38.5 73.5 36 65 35 95 34 86 88.5 33.5 69.5 94.5 93 66 54.5 54.5 55 56 57.5 58 58.5 58.5 59.5 59.5 63.5 66.5 71.5 81.5 82.5 83 84 85 86.5 88.5 92.5 94 95 97 97.5 
143 43 99.5 58.5 67 37.5 61.5 37.5 33.5 67.5 86 94 44 38 73 35.5 64.5 34.5 94.5 33.5 85.5 88 33 69 94 92.5 65.5 54 54 54.5 55.5 57 57.5 58 58 59 59 63 66 71 81 82 82.5 83.5 84.5 86 88 92 93.5 94.5 96.5 97 
144 42.5 99 58 66.5 37 61 37 33 67 85.5 93.5 43.5 37.5 72.5 35 64 34 94 33 85 87.5 32.5 68.5 93.5 92 65 53.5 53.5 54 55 56.5 57 57.5 57.5 58.5 58.5 62.5 65.5 70.5 80.5 81.5 82 83 84 85.5 87.5 91.5 93 94 96 96.5 
145 42 98.5 57.5 66 36.5 60.5 36.5 32.5 66.5 85 93 43 37 72 34.5 63.5 33.5 93.5 32.5 84.5 87 32 68 93 91.5 64.5 53 53 53.5 54.5 56 56.5 57 57 58 58 62 65 70 80 81 81.5 82.5 83.5 85 87 91 92.5 93.5 95.5 96 
146 41.5 98 57 65.5 36 60 36 32 66 84.5 92.5 42.5 36.5 71.5 34 63 33 93 32 84 86.5 31.5 67.5 92.5 91 64 52.5 52.5 53 54 55.5 56 56.5 56.5 57.5 57.5 61.5 64.5 69.5 79.5 80.5 81 82 83 84.5 86.5 90.5 92 93 95 95.5 
147 41 97.5 56.5 65 35.5 59.5 35.5 31.5 65.5 84 92 42 36 71 33.5 62.5 32.5 92.5 31.5 83.5 86 31 67 92 90.5 63.5 52 52 52.5 53.5 55 55.5 56 56 57 57 61 64 69 79 80 80.5 81.5 82.5 84 86 90 91.5 92.5 94.5 95 
148 40.5 97 56 64.5 35 59 35 31 65 83.5 91.5 41.5 35.5 70.5 33 62 32 92 100 83 85.5 30.5 66.5 91.5 90 63 51.5 51.5 52 53 54.5 55 55.5 55.5 56.5 56.5 60.5 63.5 68.5 78.5 79.5 80 81 82 83.5 85.5 89.5 91 92 94 94.5 
149 40 96.5 55.5 64 34.5 58.5 34.5 100 64.5 83 91 41 35 70 32.5 61.5 31.5 91.5 99.5 82.5 85 30 66 91 89.5 62.5 51 51 51.5 52.5 54 54.5 55 55 56 56 60 63 68 78 79 79.5 80.5 81.5 83 85 89 90.5 91.5 93.5 94 
150 39.5 96 55 63.5 34 58 34 99.5 64 82.5 90.5 40.5 34.5 69.5 32 61 31 91 99 82 84.5 29.5 65.5 90.5 89 62 50.5 50.5 51 52 53.5 54 54.5 54.5 55.5 55.5 59.5 62.5 67.5 77.5 78.5 79 80 81 82.5 84.5 88.5 90 91 93 93.5 
151 39 95.5 54.5 63 33.5 57.5 33.5 99 63.5 82 90 40 34 69 31.5 60.5 30.5 90.5 98.5 81.5 84 29 65 90 88.5 61.5 50 50 50.5 51.5 53 53.5 54 54 55 55 59 62 67 77 78 78.5 79.5 80.5 82 84 88 89.5 90.5 92.5 93 
152 38.5 95 54 62.5 33 57 33 98.5 63 81.5 89.5 39.5 33.5 68.5 31 60 30 90 98 81 83.5 28.5 64.5 89.5 88 61 49.5 49.5 50 51 52.5 53 53.5 53.5 54.5 54.5 58.5 61.5 66.5 76.5 77.5 78 79 80 81.5 83.5 87.5 89 90 92 92.5 
153 38 94.5 53.5 62 32.5 56.5 32.5 98 62.5 81 89 39 33 68 30.5 59.5 29.5 89.5 97.5 80.5 83 28 64 89 87.5 60.5 49 49 49.5 50.5 52 52.5 53 53 54 54 58 61 66 76 77 77.5 78.5 79.5 81 83 87 88.5 89.5 91.5 92 
154 37.5 94 53 61.5 32 56 32 97.5 62 80.5 88.5 38.5 32.5 67.5 30 59 29 89 97 80 82.5 27.5 63.5 88.5 87 60 48.5 48.5 49 50 51.5 52 52.5 52.5 53.5 53.5 57.5 60.5 65.5 75.5 76.5 77 78 79 80.5 82.5 86.5 88 89 91 91.5 
155 100 93.5 52.5 61 31.5 55.5 31.5 97 61.5 80 88 38 32 67 29.5 58.5 28.5 88.5 96.5 79.5 82 27 63 88 86.5 59.5 48 48 48.5 49.5 51 51.5 52 52 53 53 57 60 65 75 76 76.5 77.5 78.5 80 82 86 87.5 88.5 90.5 91 
156 99.5 93 52 60.5 31 55 31 96.5 61 79.5 87.5 37.5 31.5 66.5 29 58 28 88 96 79 81.5 26.5 62.5 87.5 86 59 47.5 47.5 48 49 50.5 51 51.5 51.5 52.5 52.5 56.5 59.5 64.5 74.5 75.5 76 77 78 79.5 81.5 85.5 87 88 90 90.5 
157 99 92.5 51.5 60 30.5 54.5 30.5 96 60.5 79 87 37 31 66 28.5 57.5 27.5 87.5 95.5 78.5 81 26 62 87 85.5 58.5 47 47 47.5 48.5 50 50.5 51 51 52 52 56 59 64 74 75 75.5 76.5 77.5 79 81 85 86.5 87.5 89.5 90 99.5 
158 98.5 92 51 59.5 30 54 30 95.5 60 78.5 86.5 36.5 30.5 65.5 28 57 27 87 95 78 80.5 25.5 61.5 86.5 85 58 46.5 46.5 47 48 49.5 50 50.5 50.5 51.5 51.5 55.5 58.5 63.5 73.5 74.5 75 76 77 78.5 80.5 84.5 86 87 89 89.5 99 
159 98 91.5 50.5 59 29.5 53.5 29.5 95 59.5 78 86 36 30 65 27.5 56.5 26.5 86.5 94.5 77.5 80 25 61 86 84.5 57.5 46 46 46.5 47.5 49 49.5 50 50 51 51 55 58 63 73 74 74.5 75.5 76.5 78 80 84 85.5 86.5 88.5 89 98.5 
160 97.5 91 50 58.5 29 53 29 94.5 77.5 85.5 64.5 56 86 94 77 79.5 24.5 60.5 85.5 84 45.5 45.5 46 47 48.5 49 49.5 49.5 50.5 50.5 54.5 57.5 62.5 72.5 73.5 74 75 76 77.5 79.5 83.5 85 86 88 88.5 98 
161 97 90.5 49.5 58 28.5 52.5 28.5 94 77 85 64 55.5 85.5 93.5 76.5 79 24 60 85 83.5 45 45 45.5 46.5 48 48.5 49 49 50 50 54 57 62 72 73 73.5 74.5 75.5 77 79 83 84.5 85.5 87.5 88 97.5 
162 96.5 90 49 57.5 28 52 28 93.5 76.5 84.5 63.5 55 85 93 76 78.5 23.5 59.5 84.5 83 44.5 44.5 45 46 47.5 48 48.5 48.5 49.5 49.5 53.5 56.5 61.5 71.5 72.5 73 74 75 76.5 78.5 82.5 84 85 87 87.5 97 
163 96 89.5 48.5 57 27.5 51.5 27.5 93 76 84 63 54.5 84.5 92.5 75.5 78 23 59 84 82.5 44 44 44.5 45.5 47 47.5 48 48 49 49 53 56 61 71 72 72.5 73.5 74.5 76 78 82 83.5 84.5 86.5 87 96.5 
164 95.5 89 48 56.5 27 51 27 92.5 75.5 83.5 62.5 54 84 92 75 77.5 22.5 58.5 83.5 82 43.5 43.5 44 45 46.5 47 47.5 47.5 48.5 48.5 52.5 55.5 60.5 70.5 71.5 72 73 74 75.5 77.5 81.5 83 84 86 86.5 96 
165 95 88.5 47.5 56 26.5 50.5 26.5 92 75 83 62 53.5 83.5 91.5 74.5 77 22 58 83 81.5 43 43 43.5 44.5 46 46.5 47 47 48 48 52 55 60 70 71 71.5 72.5 73.5 75 77 81 82.5 83.5 85.5 86 95.5 99.5 
166 94.5 88 47 55.5 26 50 26 91.5 74.5 82.5 61.5 53 83 91 74 76.5 21.5 57.5 82.5 81 42.5 42.5 43 44 45.5 46 46.5 46.5 47.5 47.5 51.5 54.5 59.5 69.5 70.5 71 72 73 74.5 76.5 80.5 82 83 85 85.5 95 99 99.5 
167 94 87.5 46.5 55 25.5 49.5 25.5 91 74 82 61 52.5 82.5 90.5 73.5 76 21 57 82 80.5 42 42 42.5 43.5 45 45.5 46 46 47 47 51 54 59 69 70 70.5 71.5 72.5 74 76 80 81.5 82.5 84.5 85 94.5 98.5 99 
168 93.5 87 46 54.5 25 49 25 90.5 73.5 81.5 60.5 52 82 90 73 75.5 20.5 56.5 81.5 80 41.5 41.5 42 43 44.5 45 45.5 45.5 46.5 46.5 50.5 53.5 58.5 68.5 69.5 70 71 72 73.5 75.5 79.5 81 82 84 84.5 94 98 98.5 
169 93 86.5 45.5 54 24.5 48.5 24.5 90 73 81 60 51.5 81.5 89.5 72.5 75 20 56 81 79.5 41 41 41.5 42.5 44 44.5 45 45 46 46 50 53 58 68 69 69.5 70.5 71.5 73 75 79 80.5 81.5 83.5 84 93.5 97.5 98 
170 92.5 86 45 53.5 24 48 24 89.5 72.5 80.5 59.5 51 81 89 72 74.5 19.5 55.5 80.5 79 40.5 40.5 41 42 43.5 44 44.5 44.5 45.5 45.5 49.5 52.5 57.5 67.5 68.5 69 70 71 72.5 74.5 78.5 80 81 83 83.5 93 97 97.5 99.5 
171 92 85.5 44.5 53 23.5 47.5 23.5 89 72 80 59 50.5 80.5 88.5 71.5 74 19 55 80 78.5 40 40 40.5 41.5 43 43.5 44 44 45 45 49 52 57 67 68 68.5 69.5 70.5 72 74 78 79.5 80.5 82.5 83 92.5 96.5 97 99 
172 91.5 85 44 52.5 23 47 23 88.5 71.5 79.5 58.5 50 80 88 71 73.5 18.5 54.5 79.5 78 39.5 39.5 40 41 42.5 43 43.5 43.5 44.5 44.5 48.5 51.5 56.5 66.5 67.5 68 69 70 71.5 73.5 77.5 79 80 82 82.5 92 96 96.5 98.5 
173 91 84.5 43.5 52 22.5 46.5 22.5 88 71 79 58 49.5 79.5 87.5 70.5 73 18 54 79 77.5 39 39 39.5 40.5 42 42.5 43 43 44 44 48 51 56 66 67 67.5 68.5 69.5 71 73 77 78.5 79.5 81.5 82 91.5 95.5 96 98 
174 90.5 84 43 51.5 22 46 22 87.5 70.5 78.5 57.5 49 79 87 70 72.5 17.5 53.5 78.5 77 38.5 38.5 39 40 41.5 42 42.5 42.5 43.5 43.5 47.5 50.5 55.5 65.5 66.5 67 68 69 70.5 72.5 76.5 78 79 81 81.5 91 95 95.5 97.5 99.5 
175 90 83.5 42.5 51 21.5 45.5 21.5 87 70 78 57 48.5 78.5 86.5 69.5 72 17 53 78 76.5 38 38 38.5 39.5 41 41.5 42 42 43 43 47 50 55 65 66 66.5 67.5 68.5 70 72 76 77.5 78.5 80.5 81 90.5 94.5 95 97 99 
176 89.5 83 42 50.5 21 45 21 86.5 69.5 77.5 56.5 48 78 86 69 100 16.5 52.5 77.5 76 37.5 37.5 38 39 40.5 41 41.5 41.5 42.5 42.5 46.5 49.5 54.5 64.5 65.5 66 67 68 69.5 71.5 75.5 77 78 80 80.5 90 94 94.5 96.5 98.5 
177 89 82.5 41.5 50 20.5 44.5 20.5 86 69 77 56 100 77.5 85.5 68.5 99.5 100 52 77 75.5 37 37 37.5 38.5 40 40.5 41 41 42 42 46 49 54 64 65 65.5 66.5 67.5 69 71 75 76.5 77.5 79.5 80 89.5 93.5 94 96 98 
178 88.5 82 41 49.5 20 44 20 85.5 68.5 76.5 55.5 99.5 77 85 68 99 99.5 51.5 76.5 75 36.5 36.5 37 38 39.5 40 40.5 40.5 41.5 41.5 45.5 48.5 53.5 63.5 64.5 65 66 67 68.5 70.5 74.5 76 77 79 79.5 89 93 93.5 95.5 97.5 
179 88 81.5 40.5 49 19.5 43.5 19.5 85 68 76 55 99 76.5 84.5 67.5 98.5 99 51 76 74.5 36 36 36.5 37.5 39 39.5 40 40 41 41 45 48 53 63 64 64.5 65.5 66.5 68 70 74 75.5 76.5 78.5 79 88.5 92.5 93 95 97 
180 87.5 81 40 48.5 19 43 19 84.5 67.5 75.5 54.5 98.5 76 84 67 98 98.5 50.5 75.5 74 35.5 35.5 36 37 38.5 39 39.5 39.5 40.5 40.5 44.5 47.5 52.5 62.5 63.5 64 65 66 67.5 69.5 73.5 75 76 78 78.5 88 92 92.5 94.5 96.5 
181 87 80.5 39.5 48 18.5 42.5 18.5 84 67 75 54 98 75.5 83.5 66.5 97.5 98 50 75 73.5 35 35 35.5 36.5 38 38.5 39 39 40 40 44 47 52 62 63 63.5 64.5 65.5 67 69 73 74.5 75.5 77.5 78 87.5 91.5 92 94 96 
182 86.5 80 39 47.5 18 42 18 83.5 66.5 74.5 53.5 97.5 75 83 66 97 97.5 49.5 74.5 73 34.5 34.5 35 36 37.5 38 38.5 38.5 39.5 39.5 43.5 46.5 51.5 61.5 62.5 63 64 65 66.5 68.5 72.5 74 75 77 77.5 87 91 91.5 93.5 95.5 99.5 
183 86 79.5 38.5 47 17.5 41.5 17.5 83 66 74 53 97 74.5 82.5 65.5 96.5 97 49 74 72.5 34 34 34.5 35.5 37 37.5 38 38 39 39 43 46 51 61 62 62.5 63.5 64.5 66 68 72 73.5 74.5 76.5 77 86.5 90.5 91 93 95 99 99.5 
184 85.5 79 38 46.5 17 41 17 82.5 65.5 73.5 52.5 96.5 74 82 65 96 96.5 48.5 73.5 72 33.5 33.5 34 35 36.5 37 37.5 37.5 38.5 38.5 42.5 45.5 50.5 60.5 61.5 62 63 64 65.5 67.5 71.5 73 74 76 76.5 86 90 90.5 92.5 94.5 98.5 99 99.5 
185 85 78.5 37.5 46 16.5 40.5 16.5 82 65 73 52 96 73.5 81.5 64.5 95.5 96 48 73 71.5 33 33 33.5 34.5 36 36.5 37 37 38 38 42 45 50 60 61 61.5 62.5 63.5 65 67 71 72.5 73.5 75.5 76 85.5 89.5 90 92 94 98 98.5 99 
186 84.5 78 100 100 16 40 16 81.5 64.5 72.5 51.5 95.5 73 81 64 95 95.5 47.5 72.5 71 32.5 32.5 33 34 35.5 36 36.5 36.5 37.5 37.5 41.5 44.5 49.5 59.5 60.5 61 62 63 64.5 66.5 70.5 72 73 75 75.5 85 89 89.5 91.5 93.5 97.5 98 98.5 
187 84 77.5 99.5 99.5 15.5 39.5 15.5 81 64 72 51 95 72.5 80.5 63.5 94.5 95 47 72 70.5 32 32 32.5 33.5 35 35.5 36 36 37 37 41 44 49 59 60 60.5 61.5 62.5 64 66 70 71.5 72.5 74.5 75 84.5 88.5 89 91 93 97 97.5 98 
188 83.5 77 99 99 15 39 15 80.5 63.5 71.5 50.5 94.5 72 80 63 94 94.5 46.5 71.5 70 31.5 31.5 32 33 34.5 35 35.5 35.5 36.5 36.5 40.5 43.5 48.5 58.5 59.5 60 61 62 63.5 65.5 69.5 71 72 74 74.5 84 88 88.5 90.5 92.5 96.5 97 97.5 99.5 
189 83 76.5 98.5 98.5 14.5 38.5 14.5 80 63 71 50 94 71.5 79.5 62.5 93.5 94 46 71 69.5 31 31 31.5 32.5 34 34.5 35 35 36 36 40 43 48 58 59 59.5 60.5 61.5 63 65 69 70.5 71.5 73.5 74 83.5 87.5 88 90 92 96 96.5 97 99 99.5 
190 82.5 76 98 98 14 38 14 79.5 62.5 70.5 49.5 93.5 71 79 62 93 93.5 45.5 70.5 69 30.5 30.5 31 32 33.5 34 34.5 34.5 35.5 35.5 39.5 42.5 47.5 57.5 58.5 59 60 61 62.5 64.5 68.5 70 71 73 73.5 83 87 87.5 89.5 91.5 95.5 96 96.5 98.5 99 
191 82 75.5 97.5 97.5 13.5 37.5 13.5 79 62 70 49 93 70.5 78.5 61.5 92.5 93 45 70 68.5 30 30 30.5 31.5 33 33.5 34 34 35 35 39 42 47 57 58 58.5 59.5 60.5 62 64 68 69.5 70.5 72.5 73 82.5 86.5 87 89 91 95 95.5 96 98 98.5 
192 81.5 75 97 97 13 37 100 78.5 61.5 69.5 48.5 92.5 70 78 61 92 92.5 44.5 69.5 68 29.5 29.5 30 31 32.5 33 33.5 33.5 34.5 34.5 38.5 41.5 46.5 56.5 57.5 58 59 60 61.5 63.5 67.5 69 70 72 72.5 82 86 86.5 88.5 90.5 94.5 95 95.5 97.5 98 
193 81 74.5 96.5 96.5 12.5 36.5 99.5 78 61 69 48 92 69.5 77.5 60.5 91.5 92 44 69 67.5 29 29 29.5 30.5 32 32.5 33 33 34 34 38 41 46 56 57 57.5 58.5 59.5 61 63 67 68.5 69.5 71.5 72 81.5 85.5 86 88 90 94 94.5 95 97 97.5 
194 80.5 74 96 96 12 36 99 77.5 60.5 68.5 47.5 91.5 69 77 60 91 91.5 43.5 68.5 67 28.5 28.5 29 30 31.5 32 32.5 32.5 33.5 33.5 37.5 40.5 45.5 55.5 56.5 57 58 59 60.5 62.5 66.5 68 69 71 71.5 81 85 85.5 87.5 89.5 93.5 94 94.5 96.5 97 
195 80 73.5 95.5 95.5 11.5 35.5 98.5 77 60 68 47 91 68.5 76.5 59.5 90.5 91 43 68 66.5 28 28 28.5 29.5 31 31.5 32 32 33 33 37 40 45 55 56 56.5 57.5 58.5 60 62 66 67.5 68.5 70.5 71 80.5 84.5 85 87 89 93 93.5 94 96 96.5 
196 79.5 73 95 95 11 35 98 76.5 59.5 67.5 46.5 90.5 68 76 59 90 90.5 42.5 67.5 66 27.5 27.5 28 29 30.5 31 31.5 31.5 32.5 32.5 36.5 39.5 44.5 54.5 55.5 56 57 58 59.5 61.5 65.5 67 68 70 70.5 80 84 84.5 86.5 88.5 92.5 93 93.5 95.5 96 
197 79 72.5 94.5 94.5 10.5 34.5 97.5 76 59 67 46 90 67.5 75.5 58.5 89.5 90 42 67 65.5 27 27 27.5 28.5 30 30.5 31 31 32 32 36 39 44 54 55 55.5 56.5 57.5 59 61 65 66.5 67.5 69.5 70 79.5 83.5 84 86 88 92 92.5 93 95 95.5 
198 78.5 72 94 94 10 34 97 75.5 58.5 66.5 45.5 89.5 67 75 58 89 89.5 41.5 66.5 65 26.5 26.5 27 28 29.5 30 30.5 30.5 31.5 31.5 35.5 38.5 43.5 53.5 54.5 55 56 57 58.5 60.5 64.5 66 67 69 69.5 79 83 83.5 85.5 87.5 91.5 92 92.5 94.5 95 
199 78 71.5 93.5 93.5 100 100 96.5 75 58 66 45 89 66.5 74.5 57.5 88.5 89 41 66 64.5 26 26 26.5 27.5 29 29.5 30 30 31 31 35 38 43 53 54 54.5 55.5 56.5 58 60 64 65.5 66.5 68.5 69 78.5 82.5 83 85 87 91 91.5 92 94 94.5 
200 77.5 71 93 93 99.5 99.5 96 74.5 57.5 65.5 44.5 88.5 66 74 57 88 88.5 40.5 65.5 64 25.5 25.5 26 27 28.5 29 29.5 29.5 30.5 30.5 34.5 37.5 42.5 52.5 53.5 54 55 56 57.5 59.5 63.5 65 66 68 68.5 78 82 82.5 84.5 86.5 90.5 91 91.5 93.5 94 
201 77 70.5 92.5 92.5 99 99 95.5 74 57 65 44 88 65.5 73.5 56.5 87.5 88 40 65 63.5 25 25 25.5 26.5 28 28.5 29 29 30 30 34 37 42 52 53 53.5 54.5 55.5 57 59 63 64.5 65.5 67.5 68 77.5 81.5 82 84 86 90 90.5 91 93 100 
202 76.5 70 92 92 98.5 98.5 95 73.5 56.5 64.5 43.5 87.5 65 73 56 87 87.5 39.5 64.5 63 24.5 24.5 25 26 27.5 28 28.5 28.5 29.5 29.5 33.5 36.5 41.5 51.5 52.5 53 54 55 56.5 58.5 62.5 64 65 67 67.5 77 81 81.5 83.5 85.5 89.5 90 90.5 92.5 100 
203 76 69.5 91.5 91.5 98 98 94.5 73 56 64 43 87 64.5 72.5 55.5 86.5 87 39 64 62.5 24 24 24.5 25.5 27 27.5 28 28 29 29 33 36 41 51 52 52.5 53.5 54.5 56 58 62 63.5 64.5 66.5 67 76.5 80.5 81 83 85 89 89.5 90 92 100 
204 75.5 69 91 91 97.5 97.5 94 72.5 55.5 63.5 42.5 86.5 64 72 55 86 86.5 38.5 63.5 62 23.5 23.5 24 25 26.5 27 27.5 27.5 28.5 28.5 32.5 35.5 40.5 50.5 51.5 52 53 54 55.5 57.5 61.5 63 64 66 66.5 76 80 80.5 82.5 84.5 88.5 89 89.5 91.5 100 
205 75 68.5 90.5 90.5 97 97 93.5 72 55 63 42 86 63.5 71.5 54.5 85.5 86 38 63 61.5 23 23 23.5 24.5 26 26.5 27 27 28 28 32 35 40 50 51 51.5 52.5 53.5 55 57 61 62.5 63.5 65.5 66 75.5 79.5 80 82 84 88 88.5 89 100 100 
206 74.5 68 90 90 96.5 96.5 93 71.5 54.5 62.5 100 85.5 63 71 54 85 85.5 37.5 62.5 61 22.5 22.5 23 24 25.5 26 26.5 26.5 27.5 27.5 31.5 34.5 39.5 49.5 50.5 51 52 53 54.5 56.5 60.5 62 63 65 65.5 75 79 79.5 81.5 83.5 87.5 88 88.5 100 100 
207 74 67.5 89.5 89.5 96 96 92.5 71 54 62 99.5 85 62.5 70.5 53.5 84.5 85 37 62 60.5 22 22 22.5 23.5 25 25.5 26 26 27 27 31 34 39 49 50 50.5 51.5 52.5 54 56 60 61.5 62.5 64.5 65 74.5 78.5 79 81 83 87 87.5 88 100 100 
208 73.5 67 89 89 95.5 95.5 92 70.5 53.5 61.5 99 84.5 62 70 53 84 84.5 36.5 61.5 60 21.5 21.5 22 23 24.5 25 25.5 25.5 26.5 26.5 30.5 33.5 38.5 48.5 49.5 50 51 52 53.5 55.5 59.5 61 62 64 64.5 74 78 78.5 80.5 82.5 86.5 87 87.5 100 100 99.5 
209 73 66.5 88.5 88.5 95 95 91.5 70 53 61 98.5 84 61.5 69.5 52.5 83.5 84 36 61 59.5 21 21 21.5 22.5 24 24.5 25 25 26 26 30 33 38 48 49 49.5 50.5 51.5 53 55 59 60.5 61.5 63.5 64 73.5 77.5 78 80 82 86 86.5 87 100 100 99 
210 72.5 66 88 88 94.5 94.5 91 69.5 52.5 60.5 98 83.5 61 69 52 83 83.5 35.5 60.5 59 20.5 20.5 21 22 23.5 24 24.5 24.5 25.5 25.5 29.5 32.5 37.5 47.5 48.5 49 50 51 52.5 54.5 58.5 60 61 63 63.5 73 77 77.5 79.5 81.5 85.5 86 86.5 100 100 98.5 
211 72 65.5 87.5 87.5 94 94 90.5 69 52 60 97.5 83 60.5 68.5 51.5 82.5 83 35 60 58.5 20 20 20.5 21.5 23 23.5 24 24 25 25 29 32 37 47 48 48.5 49.5 50.5 52 54 58 59.5 60.5 62.5 63 72.5 76.5 77 79 81 85 85.5 86 100 100 98 
212 71.5 65 87 87 93.5 93.5 90 68.5 51.5 59.5 97 82.5 60 68 51 82 82.5 34.5 59.5 58 19.5 19.5 20 21 22.5 23 23.5 23.5 24.5 24.5 28.5 31.5 36.5 46.5 47.5 48 49 50 51.5 53.5 57.5 59 60 62 62.5 72 76 76.5 78.5 80.5 84.5 85 85.5 100 100 97.5 
213 71 64.5 86.5 86.5 93 93 89.5 68 51 59 96.5 82 59.5 67.5 50.5 81.5 82 34 59 57.5 19 19 19.5 20.5 22 22.5 23 23 24 24 28 31 36 46 47 47.5 48.5 49.5 51 53 57 58.5 59.5 61.5 62 71.5 75.5 76 78 80 84 84.5 85 100 100 97 
214 70.5 64 86 86 92.5 92.5 89 67.5 50.5 58.5 96 81.5 59 67 50 81 81.5 33.5 58.5 57 18.5 18.5 19 20 21.5 22 22.5 22.5 23.5 23.5 27.5 30.5 35.5 45.5 46.5 47 48 49 50.5 52.5 56.5 58 59 61 61.5 71 75 75.5 77.5 79.5 83.5 84 84.5 100 100 96.5 
215 70 63.5 85.5 85.5 92 92 88.5 67 50 58 95.5 81 58.5 66.5 49.5 80.5 81 33 58 56.5 18 18 18.5 19.5 21 21.5 22 22 23 23 27 30 35 45 46 46.5 47.5 48.5 50 52 56 57.5 58.5 60.5 61 70.5 74.5 75 77 79 83 83.5 84 100 100 96 
216 69.5 63 85 85 91.5 91.5 88 66.5 49.5 57.5 95 80.5 58 66 49 80 80.5 32.5 57.5 56 17.5 17.5 18 19 20.5 21 21.5 21.5 22.5 22.5 26.5 29.5 34.5 44.5 45.5 46 47 48 49.5 51.5 55.5 57 58 60 60.5 70 74 74.5 76.5 78.5 82.5 83 83.5 100 100 95.5 
217 69 62.5 84.5 84.5 91 91 87.5 66 49 57 94.5 80 57.5 65.5 48.5 79.5 80 32 57 55.5 17 17 17.5 18.5 20 20.5 21 21 22 22 26 29 34 44 45 45.5 46.5 47.5 49 51 55 56.5 57.5 59.5 60 69.5 73.5 74 76 78 82 82.5 83 100 100 95 
218 68.5 62 84 84 90.5 90.5 87 65.5 48.5 56.5 94 79.5 57 65 48 79 79.5 31.5 56.5 55 16.5 16.5 17 18 19.5 20 20.5 20.5 21.5 21.5 25.5 28.5 33.5 43.5 44.5 45 46 47 48.5 50.5 54.5 56 57 59 59.5 69 73 73.5 75.5 77.5 81.5 82 82.5 100 100 94.5 
219 68 61.5 83.5 83.5 90 90 86.5 65 48 56 93.5 79 56.5 64.5 47.5 78.5 79 31 56 54.5 16 16 16.5 17.5 19 19.5 20 20 21 21 25 28 33 43 44 44.5 45.5 46.5 48 50 54 55.5 56.5 58.5 59 68.5 72.5 73 75 77 81 81.5 82 100 100 94 
220 67.5 61 83 83 89.5 89.5 86 64.5 47.5 55.5 93 78.5 56 64 47 78 78.5 30.5 55.5 54 15.5 15.5 16 17 18.5 19 19.5 19.5 20.5 20.5 24.5 27.5 32.5 42.5 43.5 44 45 46 47.5 49.5 53.5 55 56 58 58.5 68 72 72.5 74.5 76.5 80.5 81 81.5 100 100 93.5 
221 67 60.5 82.5 82.5 89 89 85.5 64 47 55 92.5 78 55.5 63.5 46.5 77.5 78 30 55 53.5 15 15 15.5 16.5 18 18.5 19 19 20 20 24 27 32 42 43 43.5 44.5 45.5 47 49 53 54.5 55.5 57.5 58 67.5 71.5 72 74 76 80 80.5 81 100 100 93 99.5 
222 66.5 60 82 82 88.5 88.5 85 63.5 46.5 54.5 92 77.5 55 63 46 77 77.5 29.5 54.5 53 14.5 14.5 15 16 17.5 18 18.5 18.5 19.5 19.5 23.5 26.5 31.5 41.5 42.5 43 44 45 46.5 48.5 52.5 54 55 57 57.5 67 71 71.5 73.5 75.5 79.5 80 80.5 100 100 92.5 99 
223 66 59.5 81.5 81.5 88 88 84.5 63 46 54 91.5 77 54.5 62.5 45.5 76.5 77 29 54 52.5 14 14 14.5 15.5 17 17.5 18 18 19 19 23 26 31 41 42 42.5 43.5 44.5 46 48 52 53.5 54.5 56.5 57 66.5 70.5 71 73 75 79 79.5 80 100 100 92 98.5 
224 65.5 59 81 81 87.5 87.5 84 62.5 45.5 53.5 91 76.5 54 62 45 76 76.5 28.5 53.5 52 13.5 13.5 14 15 16.5 17 17.5 17.5 18.5 18.5 22.5 25.5 30.5 40.5 41.5 42 43 44 45.5 47.5 51.5 53 54 56 56.5 66 70 70.5 72.5 74.5 78.5 79 79.5 100 100 91.5 98 
225 65 58.5 80.5 80.5 87 87 83.5 62 45 53 90.5 76 53.5 61.5 44.5 75.5 76 28 53 51.5 13 13 13.5 14.5 16 16.5 17 17 18 18 22 25 30 40 41 41.5 42.5 43.5 45 47 51 52.5 53.5 55.5 56 65.5 69.5 70 72 74 78 78.5 79 100 100 91 97.5 
226 64.5 58 80 80 86.5 86.5 83 61.5 44.5 52.5 90 75.5 53 61 44 75 75.5 27.5 52.5 51 12.5 12.5 13 14 15.5 16 16.5 16.5 17.5 17.5 21.5 24.5 29.5 39.5 40.5 41 42 43 44.5 46.5 50.5 52 53 55 55.5 65 69 69.5 71.5 73.5 77.5 78 78.5 100 100 90.5 97 99.5 
227 64 57.5 79.5 79.5 86 86 82.5 61 44 52 89.5 75 52.5 60.5 43.5 74.5 75 27 52 50.5 12 12 12.5 13.5 15 15.5 16 16 17 17 21 24 29 39 40 40.5 41.5 42.5 44 46 50 51.5 52.5 54.5 55 64.5 68.5 69 71 73 77 77.5 78 100 100 90 96.5 99 
228 63.5 57 79 79 85.5 85.5 82 60.5 43.5 51.5 89 74.5 52 60 43 74 74.5 26.5 51.5 50 11.5 11.5 12 13 14.5 15 15.5 15.5 16.5 16.5 20.5 23.5 28.5 38.5 39.5 40 41 42 43.5 45.5 49.5 51 52 54 54.5 64 68 68.5 70.5 72.5 76.5 77 77.5 100 100 89.5 96 98.5 
229 63 56.5 78.5 78.5 85 85 81.5 60 43 51 88.5 74 51.5 59.5 42.5 73.5 74 26 51 49.5 11 11 11.5 12.5 14 14.5 15 15 16 16 20 23 28 38 39 39.5 40.5 41.5 43 45 49 50.5 51.5 53.5 54 63.5 67.5 68 70 72 76 76.5 77 100 100 89 95.5 98 
230 62.5 56 78 78 84.5 84.5 81 59.5 42.5 50.5 88 73.5 51 59 42 73 73.5 25.5 50.5 49 10.5 10.5 11 12 13.5 14 14.5 14.5 15.5 15.5 19.5 22.5 27.5 37.5 38.5 39 40 41 42.5 44.5 48.5 50 51 53 53.5 63 67 67.5 69.5 71.5 75.5 76 76.5 100 100 88.5 100 97.5 
231 62 55.5 77.5 77.5 84 84 80.5 59 42 50 87.5 73 50.5 58.5 41.5 72.5 73 25 50 48.5 10 10 10.5 11.5 13 13.5 14 14 15 15 19 22 27 37 38 38.5 39.5 40.5 42 44 48 49.5 50.5 52.5 53 62.5 66.5 67 69 71 75 75.5 76 100 100 88 100 97 99.5 
232 61.5 55 77 77 83.5 83.5 80 58.5 41.5 49.5 87 72.5 50 58 41 72 72.5 24.5 49.5 48 9.5 9.5 10 11 12.5 13 13.5 13.5 14.5 14.5 18.5 21.5 26.5 36.5 37.5 38 39 40 41.5 43.5 47.5 49 50 52 52.5 62 66 66.5 68.5 70.5 74.5 75 75.5 100 100 87.5 100 96.5 99 
233 61 54.5 76.5 76.5 83 83 79.5 58 41 49 86.5 72 49.5 57.5 40.5 71.5 72 24 49 47.5 9 9 9.5 10.5 12 12.5 13 13 14 14 18 21 26 36 37 37.5 38.5 39.5 41 43 47 48.5 49.5 51.5 52 61.5 65.5 66 68 70 74 74.5 75 100 100 87 100 96 98.5 
234 60.5 54 76 76 82.5 82.5 79 57.5 40.5 48.5 86 71.5 49 57 40 71 71.5 23.5 48.5 47 8.5 8.5 9 10 11.5 12 12.5 12.5 13.5 13.5 17.5 20.5 25.5 35.5 36.5 37 38 39 40.5 42.5 46.5 48 49 51 51.5 61 65 65.5 67.5 69.5 73.5 74 74.5 100 100 86.5 100 95.5 98 
235 60 53.5 75.5 75.5 82 82 78.5 57 40 48 85.5 71 48.5 56.5 39.5 70.5 71 23 48 46.5 8 8 8.5 9.5 11 11.5 12 12 13 13 17 20 25 35 36 36.5 37.5 38.5 40 42 46 47.5 48.5 50.5 51 60.5 64.5 65 67 69 73 73.5 74 100 100 86 100 95 97.5 
236 59.5 53 75 75 81.5 81.5 78 56.5 39.5 47.5 85 70.5 48 56 39 70 70.5 22.5 47.5 46 7.5 7.5 8 9 10.5 11 11.5 11.5 12.5 12.5 16.5 19.5 24.5 34.5 35.5 36 37 38 39.5 41.5 45.5 47 48 50 50.5 60 64 64.5 66.5 68.5 72.5 73 73.5 100 100 85.5 100 94.5 97 
237 59 100 74.5 74.5 81 81 77.5 56 39 47 84.5 70 47.5 55.5 38.5 69.5 70 22 47 45.5 7 7 7.5 8.5 10 10.5 11 11 12 12 16 19 24 34 35 35.5 36.5 37.5 39 41 45 46.5 47.5 49.5 50 59.5 63.5 64 66 68 72 72.5 73 100 100 85 100 100 96.5 99.5 
238 58.5 99.5 74 74 80.5 80.5 77 55.5 38.5 46.5 84 69.5 47 55 38 69 69.5 21.5 46.5 45 6.5 6.5 7 8 9.5 10 10.5 10.5 11.5 11.5 15.5 18.5 23.5 33.5 34.5 35 36 37 38.5 40.5 44.5 46 47 49 49.5 59 63 63.5 65.5 67.5 71.5 72 72.5 100 100 84.5 100 100 100 99 
239 58 99 73.5 73.5 80 80 76.5 55 38 46 83.5 69 46.5 54.5 37.5 68.5 69 21 46 44.5 6 6 6.5 7.5 9 9.5 10 10 11 11 15 18 23 33 34 34.5 35.5 36.5 38 40 44 45.5 46.5 48.5 49 58.5 62.5 63 65 67 71 71.5 72 100 100 84 100 100 100 98.5 99.5 
240 57.5 98.5 73 73 79.5 79.5 76 54.5 37.5 45.5 83 68.5 46 54 37 68 68.5 20.5 45.5 44 5.5 5.5 6 7 8.5 9 9.5 9.5 10.5 10.5 14.5 17.5 22.5 32.5 33.5 34 35 36 37.5 39.5 43.5 45 46 48 48.5 58 62 62.5 64.5 66.5 70.5 71 71.5 100 100 83.5 100 100 100 98 99 99.5 99.5 
241 57 98 72.5 72.5 79 79 75.5 54 37 45 82.5 68 45.5 53.5 100 67.5 68 20 45 43.5 5 5 5.5 6.5 8 8.5 9 9 10 10 14 17 22 32 33 33.5 34.5 35.5 37 39 43 44.5 45.5 47.5 48 57.5 61.5 62 64 66 70 70.5 71 100 100 83 100 100 100 97.5 98.5 99 99 
242 56.5 97.5 72 72 78.5 78.5 75 53.5 36.5 44.5 82 67.5 45 53 99.5 67 67.5 19.5 44.5 43 4.5 4.5 5 6 7.5 8 8.5 8.5 9.5 9.5 13.5 16.5 21.5 31.5 32.5 33 34 35 36.5 38.5 42.5 44 45 47 47.5 57 61 61.5 63.5 65.5 69.5 70 70.5 100 100 82.5 100 100 100 97 98 98.5 98.5 
243 56 97 71.5 71.5 78 78 74.5 53 36 44 81.5 67 44.5 52.5 99 66.5 67 19 44 42.5 4 4 4.5 5.5 7 7.5 8 8 9 9 13 16 21 31 32 32.5 33.5 34.5 36 38 42 43.5 44.5 46.5 47 56.5 60.5 61 63 65 69 69.5 70 100 100 82 100 100 100 96.5 97.5 98 98 99.5 
244 55.5 96.5 71 71 77.5 77.5 74 52.5 35.5 43.5 81 66.5 44 52 98.5 66 66.5 18.5 43.5 42 3.5 3.5 4 5 6.5 7 7.5 7.5 8.5 8.5 12.5 15.5 20.5 30.5 31.5 32 33 34 35.5 37.5 41.5 43 44 46 46.5 56 60 60.5 62.5 64.5 68.5 69 69.5 100 100 81.5 100 100 100 96 97 97.5 97.5 99 
245 55 96 70.5 70.5 77 77 73.5 52 35 43 80.5 66 43.5 51.5 98 65.5 66 18 43 41.5 3 3 3.5 4.5 6 6.5 7 7 8 8 12 15 20 30 31 31.5 32.5 33.5 35 37 41 42.5 43.5 45.5 46 55.5 59.5 60 62 64 68 68.5 69 100 100 81 100 100 100 95.5 96.5 97 97 98.5 
246 54.5 95.5 70 70 76.5 76.5 73 51.5 34.5 42.5 80 65.5 43 51 97.5 65 65.5 17.5 42.5 41 2.5 2.5 3 4 5.5 6 6.5 6.5 7.5 7.5 11.5 14.5 19.5 29.5 30.5 31 32 33 34.5 36.5 40.5 42 43 45 45.5 55 59 59.5 61.5 63.5 67.5 68 68.5 100 100 80.5 100 100 100 95 96 96.5 96.5 98 
247 54 95 69.5 69.5 76 76 72.5 51 34 42 79.5 65 42.5 50.5 97 64.5 65 17 42 40.5 2 2 2.5 3.5 5 5.5 6 6 7 7 11 14 19 29 30 30.5 31.5 32.5 34 36 40 41.5 42.5 44.5 45 54.5 58.5 59 61 63 67 67.5 68 100 100 80 100 100 100 94.5 95.5 96 96 97.5 
248 53.5 94.5 69 69 75.5 75.5 72 50.5 33.5 41.5 79 64.5 42 50 96.5 64 64.5 16.5 41.5 40 1.5 1.5 2 3 4.5 5 5.5 5.5 6.5 6.5 10.5 13.5 18.5 28.5 29.5 30 31 32 33.5 35.5 39.5 41 42 44 44.5 54 58 58.5 60.5 62.5 66.5 67 67.5 100 100 79.5 100 100 100 94 95 95.5 95.5 97 
249 53 94 68.5 68.5 75 75 71.5 50 33 41 78.5 64 41.5 49.5 96 63.5 64 16 41 39.5 1 1 1.5 2.5 4 4.5 5 5 6 6 10 13 18 28 29 29.5 30.5 31.5 33 35 39 40.5 41.5 43.5 44 53.5 57.5 58 60 62 66 66.5 67 100 100 79 100 100 100 93.5 94.5 95 95 96.5 
250 52.5 93.5 68 68 74.5 74.5 71 49.5 32.5 40.5 78 63.5 41 49 95.5 63 63.5 15.5 40.5 39 0.5 0.5 1 2 3.5 4 4.5 4.5 5.5 5.5 9.5 12.5 17.5 27.5 28.5 29 30 31 32.5 34.5 38.5 40 41 43 43.5 53 57 57.5 59.5 61.5 65.5 66 66.5 100 100 78.5 100 100 100 100 100 94.5 94.5 96 
251 52 93 67.5 67.5 74 74 70.5 49 32 40 77.5 63 40.5 48.5 95 62.5 63 15 40 38.5 0 0 0.5 1.5 3 3.5 4 4 5 5 9 12 17 27 28 28.5 29.5 30.5 32 34 38 39.5 40.5 42.5 43 52.5 56.5 57 59 61 65 65.5 66 100 100 78 100 100 100 100 100 94 94 95.5 
252 51.5 92.5 67 67 73.5 73.5 70 48.5 31.5 39.5 77 62.5 40 48 94.5 62 62.5 14.5 39.5 38 0 1 2.5 3 3.5 3.5 4.5 4.5 8.5 11.5 16.5 26.5 27.5 28 29 30 31.5 33.5 37.5 39 40 42 42.5 52 56 56.5 58.5 60.5 64.5 65 65.5 100 100 77.5 100 100 100 100 100 93.5 93.5 95 
253 51 92 66.5 66.5 73 73 69.5 48 31 39 76.5 62 39.5 47.5 94 61.5 62 14 39 37.5 0.5 2 2.5 3 3 4 4 8 11 16 26 27 27.5 28.5 29.5 31 33 37 38.5 39.5 41.5 42 51.5 55.5 56 58 60 64 64.5 65 100 100 77 100 100 100 100 100 93 93 94.5 
254 50.5 91.5 66 66 72.5 72.5 69 100 30.5 38.5 76 61.5 39 100 93.5 61 61.5 13.5 38.5 37 0 1.5 2 2.5 2.5 3.5 3.5 7.5 10.5 15.5 25.5 26.5 27 28 29 30.5 32.5 36.5 38 39 41 41.5 51 55 55.5 57.5 59.5 63.5 64 64.5 100 100 76.5 100 100 100 100 100 92.5 100 94 
255 50 91 65.5 65.5 72 72 68.5 99.5 30 38 75.5 61 38.5 99.5 93 60.5 61 13 38 36.5 1 1.5 2 2 3 3 7 10 15 25 26 26.5 27.5 28.5 30 32 36 37.5 38.5 40.5 41 50.5 54.5 55 57 59 63 63.5 64 100 100 100 100 100 100 100 100 92 100 93.5 
256 49.5 90.5 65 65 71.5 71.5 68 99 29.5 37.5 75 60.5 38 99 92.5 60 60.5 12.5 37.5 36 0.5 1 1.5 1.5 2.5 2.5 6.5 9.5 14.5 24.5 25.5 26 27 28 29.5 31.5 35.5 37 38 40 40.5 50 54 54.5 56.5 58.5 62.5 63 63.5 100 100 100 100 100 100 100 100 91.5 100 93 
257 49 90 64.5 64.5 71 71 67.5 98.5 29 37 74.5 60 37.5 98.5 92 59.5 60 12 37 35.5 0 0.5 1 1 2 2 6 9 14 24 25 25.5 26.5 27.5 29 31 35 36.5 37.5 39.5 40 49.5 53.5 54 56 58 62 62.5 63 100 100 100 100 100 100 100 100 91 100 92.5 
258 48.5 89.5 64 64 70.5 70.5 67 98 28.5 36.5 74 59.5 37 98 91.5 59 59.5 11.5 36.5 35 0 0.5 0.5 1.5 1.5 5.5 8.5 13.5 23.5 24.5 25 26 27 28.5 30.5 34.5 36 37 39 39.5 49 53 53.5 55.5 57.5 61.5 62 62.5 100 100 100 100 100 100 100 100 90.5 100 92 
259 48 89 63.5 63.5 70 70 66.5 97.5 28 36 73.5 59 36.5 97.5 91 58.5 59 11 36 34.5 0 0 1 1 5 8 13 23 24 24.5 25.5 26.5 28 30 34 35.5 36.5 38.5 39 48.5 52.5 53 55 57 61 61.5 62 100 100 100 100 100 100 100 100 90 100 91.5 
260 47.5 88.5 63 63 69.5 69.5 66 97 27.5 35.5 73 58.5 36 97 90.5 58 58.5 10.5 35.5 34 0.5 0.5 4.5 7.5 12.5 22.5 23.5 24 25 26 27.5 29.5 33.5 35 36 38 38.5 48 52 52.5 54.5 56.5 60.5 61 61.5 100 100 100 100 100 100 100 100 89.5 100 91 
261 47 88 62.5 62.5 69 69 65.5 96.5 27 35 72.5 58 35.5 96.5 90 57.5 58 10 35 33.5 0 0 4 7 12 22 23 23.5 24.5 25.5 27 29 33 34.5 35.5 37.5 38 47.5 51.5 52 54 56 60 60.5 61 100 100 100 100 100 100 100 100 89 100 90.5 
262 46.5 87.5 62 62 68.5 68.5 65 96 26.5 34.5 72 57.5 35 96 89.5 57 57.5 9.5 34.5 33 3.5 6.5 11.5 21.5 22.5 23 24 25 26.5 28.5 32.5 34 35 37 37.5 47 51 51.5 53.5 55.5 59.5 60 60.5 100 100 100 100 100 100 100 100 88.5 100 90 
263 46 87 61.5 61.5 68 68 64.5 95.5 26 34 71.5 57 34.5 95.5 89 56.5 57 9 34 32.5 3 6 11 21 22 22.5 23.5 24.5 26 28 32 33.5 34.5 36.5 37 46.5 50.5 51 53 55 59 59.5 60 100 100 100 100 100 100 100 100 88 100 89.5 
264 45.5 86.5 61 61 67.5 67.5 64 95 25.5 33.5 71 56.5 34 95 88.5 56 56.5 8.5 33.5 32 2.5 5.5 10.5 20.5 21.5 22 23 24 25.5 27.5 31.5 33 34 36 36.5 46 50 50.5 52.5 54.5 58.5 59 59.5 100 100 100 100 100 100 100 100 87.5 100 89 
265 45 86 60.5 60.5 67 67 63.5 94.5 25 33 70.5 56 33.5 94.5 88 55.5 56 8 33 31.5 2 5 10 20 21 21.5 22.5 23.5 25 27 31 32.5 33.5 35.5 36 45.5 49.5 50 52 54 58 58.5 59 100 100 100 100 100 100 100 100 87 100 88.5 
266 44.5 85.5 60 60 66.5 66.5 63 94 24.5 32.5 70 55.5 33 94 87.5 55 55.5 7.5 32.5 31 1.5 4.5 9.5 19.5 20.5 21 22 23 24.5 26.5 30.5 32 33 35 35.5 45 49 49.5 51.5 53.5 57.5 58 58.5 100 100 100 100 100 100 100 100 86.5 100 88 
267 44 85 59.5 59.5 66 66 62.5 93.5 24 32 69.5 55 32.5 93.5 87 54.5 55 7 32 30.5 1 4 9 19 20 20.5 21.5 22.5 24 26 30 31.5 32.5 34.5 35 44.5 48.5 49 51 53 57 57.5 58 100 100 100 100 100 100 100 100 86 100 87.5 
268 43.5 84.5 59 59 65.5 65.5 62 93 23.5 31.5 69 54.5 32 93 86.5 54 54.5 6.5 31.5 30 0.5 3.5 8.5 18.5 19.5 20 21 22 23.5 25.5 29.5 31 32 34 34.5 44 48 48.5 50.5 52.5 56.5 57 57.5 100 100 100 100 100 100 100 100 85.5 100 87 
269 43 84 58.5 58.5 65 65 61.5 92.5 23 31 68.5 54 31.5 92.5 86 53.5 54 6 31 29.5 0 3 8 18 19 19.5 20.5 21.5 23 25 29 30.5 31.5 33.5 34 43.5 47.5 48 50 52 56 56.5 57 100 100 100 100 100 100 100 100 85 100 86.5 
270 42.5 83.5 58 58 64.5 64.5 61 92 22.5 30.5 68 53.5 31 92 85.5 53 53.5 5.5 30.5 29 2.5 7.5 17.5 18.5 19 20 21 22.5 24.5 28.5 30 31 33 33.5 43 47 47.5 49.5 51.5 55.5 56 56.5 100 100 100 100 100 100 100 100 84.5 100 86 
271 42 83 57.5 57.5 64 64 60.5 91.5 22 30 67.5 53 30.5 91.5 85 52.5 53 5 30 28.5 2 7 17 18 18.5 19.5 20.5 22 24 28 29.5 30.5 32.5 33 42.5 46.5 47 49 51 55 55.5 56 100 100 100 100 100 100 100 100 84 100 85.5 
272 41.5 82.5 57 57 63.5 63.5 60 91 21.5 29.5 67 52.5 30 91 84.5 52 52.5 4.5 28 1.5 6.5 16.5 17.5 18 19 20 21.5 23.5 27.5 29 30 32 32.5 42 46 46.5 48.5 50.5 54.5 55 55.5 100 100 100 100 100 100 100 100 83.5 100 85 99.5 
273 82 56.5 56.5 63 63 59.5 90.5 21 29 66.5 52 29.5 90.5 84 51.5 52 4 27.5 1 6 16 17 17.5 18.5 19.5 21 23 27 28.5 29.5 31.5 32 41.5 45.5 46 48 50 54 54.5 55 100 100 100 100 100 100 100 100 83 100 84.5 99 
274 81.5 56 56 62.5 62.5 59 90 28.5 66 51.5 29 90 83.5 51 51.5 3.5 27 0.5 5.5 15.5 16.5 17 18 19 20.5 22.5 26.5 28 29 31 31.5 41 45 45.5 47.5 49.5 53.5 54 54.5 100 100 100 100 100 100 100 100 82.5 100 84 98.5 99.5 
275 81 55.5 55.5 62 62 58.5 89.5 28 65.5 51 28.5 89.5 83 50.5 51 3 26.5 0 5 15 16 16.5 17.5 18.5 20 22 26 27.5 28.5 30.5 31 40.5 44.5 45 47 49 53 53.5 54 100 100 100 100 100 100 100 100 82 100 83.5 98 99 
276 80.5 55 55 61.5 61.5 58 89 27.5 65 50.5 28 89 82.5 50 50.5 2.5 26 4.5 14.5 15.5 16 17 18 19.5 21.5 25.5 27 28 30 30.5 40 44 44.5 46.5 48.5 52.5 53 53.5 100 100 100 100 100 100 100 100 81.5 100 83 97.5 98.5 
277 80 54.5 54.5 61 61 57.5 88.5 27 64.5 50 27.5 88.5 82 49.5 50 2 25.5 4 14 15 15.5 16.5 17.5 19 21 25 26.5 27.5 29.5 30 39.5 43.5 44 46 48 52 52.5 53 100 100 100 100 100 100 100 100 81 100 82.5 97 98 99.5 
278 79.5 54 54 60.5 60.5 57 88 26.5 64 49.5 27 88 81.5 49 49.5 1.5 25 3.5 13.5 14.5 15 16 17 18.5 20.5 24.5 26 27 29 29.5 39 43 43.5 45.5 47.5 51.5 52 52.5 100 100 100 100 100 100 100 100 80.5 100 82 96.5 97.5 99 
279 79 53.5 53.5 60 60 56.5 87.5 26 63.5 49 26.5 87.5 81 48.5 49 1 24.5 3 13 14 14.5 15.5 16.5 18 20 24 25.5 26.5 28.5 29 38.5 42.5 43 45 47 51 51.5 52 100 100 100 100 100 100 100 100 80 100 81.5 96 97 98.5 
280 78.5 53 53 59.5 59.5 56 87 25.5 63 48.5 26 87 80.5 48 48.5 0.5 24 2.5 12.5 13.5 14 15 16 17.5 19.5 23.5 25 26 28 28.5 38 42 42.5 44.5 46.5 50.5 51 51.5 100 100 100 100 100 100 100 100 79.5 100 81 95.5 96.5 98 
281 78 52.5 52.5 59 59 55.5 86.5 25 62.5 48 25.5 86.5 80 47.5 48 0 23.5 2 12 13 13.5 14.5 15.5 17 19 23 24.5 25.5 27.5 28 37.5 41.5 42 44 46 50 50.5 51 100 100 100 100 100 100 100 100 79 100 80.5 95 96 97.5 
282 77.5 52 52 58.5 58.5 55 86 24.5 62 47.5 25 86 79.5 47 47.5 23 1.5 11.5 12.5 13 14 15 16.5 18.5 22.5 24 25 27 27.5 37 41 41.5 43.5 45.5 49.5 50 50.5 100 100 100 100 100 100 100 100 78.5 100 80 94.5 95.5 97 
283 77 51.5 51.5 58 58 54.5 85.5 24 61.5 47 24.5 85.5 79 46.5 47 22.5 1 11 12 12.5 13.5 14.5 16 18 22 23.5 24.5 26.5 27 36.5 40.5 41 43 45 49 49.5 50 100 100 100 100 100 100 100 100 78 100 79.5 100 95 96.5 
284 76.5 51 51 57.5 57.5 54 85 23.5 61 46.5 24 85 78.5 46 46.5 22 0.5 10.5 11.5 12 13 14 15.5 17.5 21.5 23 24 26 26.5 36 40 40.5 42.5 44.5 48.5 49 49.5 100 100 100 100 100 100 100 100 77.5 100 79 100 94.5 96 
285 76 50.5 50.5 57 57 53.5 84.5 23 60.5 46 23.5 84.5 78 45.5 46 21.5 0 10 11 11.5 12.5 13.5 15 17 21 22.5 23.5 25.5 26 35.5 39.5 40 42 44 48 48.5 49 100 100 100 100 100 100 100 100 77 100 78.5 100 94 95.5 
286 75.5 50 50 56.5 56.5 53 84 22.5 60 45.5 23 84 77.5 45 45.5 21 9.5 10.5 11 12 13 14.5 16.5 20.5 22 23 25 25.5 35 39 39.5 41.5 43.5 47.5 48 48.5 100 100 100 100 100 100 100 100 76.5 100 78 100 93.5 95 
287 75 49.5 49.5 56 56 52.5 83.5 22 59.5 45 22.5 83.5 77 44.5 45 20.5 9 10 10.5 11.5 12.5 14 16 20 21.5 22.5 24.5 25 34.5 38.5 39 41 43 47 47.5 48 100 100 100 100 100 100 100 100 76 100 77.5 100 93 94.5 99.5 
288 74.5 49 49 55.5 55.5 52 83 21.5 59 44.5 22 83 76.5 44 44.5 20 8.5 9.5 10 11 12 13.5 15.5 19.5 21 22 24 24.5 34 38 38.5 40.5 42.5 46.5 47 47.5 100 100 100 100 100 100 100 100 75.5 100 77 100 92.5 94 99 
289 74 48.5 48.5 55 55 51.5 82.5 21 58.5 44 21.5 82.5 76 43.5 44 19.5 8 9 9.5 10.5 11.5 13 15 19 20.5 21.5 23.5 24 33.5 37.5 38 40 42 46 46.5 47 100 100 100 100 100 100 100 100 75 100 76.5 100 92 93.5 98.5 
290 73.5 48 48 54.5 54.5 51 82 20.5 58 43.5 21 82 75.5 43 43.5 19 7.5 8.5 9 10 11 12.5 14.5 18.5 20 21 23 23.5 33 37 37.5 39.5 41.5 45.5 46 46.5 100 100 100 100 100 100 100 100 74.5 100 76 100 91.5 100 98 
291 73 47.5 47.5 54 54 50.5 81.5 20 57.5 43 20.5 81.5 75 42.5 43 18.5 7 8 8.5 9.5 10.5 12 14 18 19.5 20.5 22.5 23 32.5 36.5 37 39 41 45 45.5 46 100 100 100 100 100 100 100 100 100 100 75.5 100 91 100 97.5 99.5 
292 72.5 47 47 53.5 53.5 50 81 19.5 57 42.5 20 81 74.5 42 42.5 18 6.5 7.5 8 9 10 11.5 13.5 17.5 19 20 22 22.5 32 36 36.5 38.5 40.5 44.5 45 45.5 100 100 100 100 100 100 100 100 100 100 75 100 90.5 100 97 99 99.5 
293 72 46.5 46.5 53 53 49.5 80.5 19 56.5 42 19.5 80.5 74 41.5 42 17.5 6 7 7.5 8.5 9.5 11 13 17 18.5 19.5 21.5 22 31.5 35.5 36 38 40 44 44.5 45 100 100 100 100 100 100 100 100 100 100 74.5 100 100 100 96.5 98.5 99 
294 71.5 46 46 100 52.5 49 80 18.5 56 41.5 19 80 73.5 41 41.5 17 5.5 6.5 7 8 9 10.5 12.5 16.5 18 19 21 21.5 31 35 35.5 37.5 39.5 43.5 44 44.5 100 100 100 100 100 100 100 100 100 100 74 100 100 100 96 98 98.5 
295 71 45.5 45.5 99.5 52 48.5 79.5 18 55.5 41 18.5 79.5 73 40.5 41 16.5 5 6 6.5 7.5 8.5 10 12 16 17.5 18.5 20.5 21 30.5 34.5 35 37 39 43 43.5 44 100 100 100 100 100 100 100 100 100 100 73.5 100 100 100 95.5 97.5 98 
296 70.5 45 45 99 51.5 48 79 17.5 55 40.5 18 79 72.5 40 40.5 16 4.5 5.5 6 7 8 9.5 11.5 15.5 17 18 20 20.5 30 34 34.5 36.5 38.5 42.5 43 43.5 100 100 100 100 100 100 100 100 100 100 73 100 100 100 95 97 97.5 99.5 
297 70 44.5 44.5 98.5 51 47.5 78.5 17 54.5 40 17.5 78.5 72 39.5 40 15.5 4 5 5.5 6.5 7.5 9 11 15 16.5 17.5 19.5 20 29.5 33.5 34 36 38 42 42.5 43 100 100 100 100 100 100 100 100 100 100 72.5 100 100 100 94.5 96.5 97 99 
298 69.5 44 44 98 50.5 47 78 16.5 54 39.5 17 78 71.5 39 39.5 15 3.5 4.5 5 6 7 8.5 10.5 14.5 16 17 19 19.5 29 33 33.5 35.5 37.5 41.5 42 42.5 100 100 100 100 100 100 100 100 100 100 72 100 100 100 94 96 96.5 98.5 
299 69 43.5 43.5 97.5 50 46.5 77.5 16 53.5 39 16.5 77.5 71 38.5 39 14.5 3 4 4.5 5.5 6.5 8 10 14 15.5 16.5 18.5 19 28.5 32.5 33 35 37 41 41.5 42 100 100 100 100 100 100 100 100 100 100 71.5 100 100 100 93.5 95.5 96 98 
300 68.5 43 43 97 49.5 46 77 15.5 53 38.5 16 77 70.5 38 38.5 14 2.5 3.5 4 5 6 7.5 9.5 13.5 15 16 18 18.5 28 32 32.5 34.5 36.5 40.5 41 41.5 100 100 100 100 100 100 100 100 100 100 71 100 100 100 93 95 95.5 97.5 
301 68 42.5 42.5 96.5 49 45.5 76.5 15 52.5 38 15.5 76.5 70 37.5 38 13.5 2 3 3.5 4.5 5.5 7 9 13 14.5 15.5 17.5 18 27.5 31.5 32 34 36 40 40.5 41 100 100 100 100 100 100 100 100 100 100 70.5 100 100 100 92.5 100 95 97 
302 67.5 42 42 96 48.5 45 76 14.5 52 37.5 15 76 69.5 37 37.5 13 1.5 2.5 3 4 5 6.5 8.5 12.5 14 15 17 17.5 27 31 31.5 33.5 35.5 39.5 40 40.5 100 100 100 100 100 100 100 100 100 100 70 100 100 100 92 100 94.5 96.5 
303 67 41.5 41.5 95.5 48 100 75.5 14 51.5 37 14.5 75.5 69 36.5 37 12.5 1 2 100 3.5 4.5 6 8 12 13.5 14.5 16.5 17 26.5 30.5 31 33 35 39 39.5 40 100 100 100 100 100 100 100 100 100 100 69.5 100 100 100 91.5 100 94 100 
304 66.5 41 41 95 47.5 99.5 75 13.5 51 36.5 14 75 68.5 36 36.5 12 0.5 1.5 99.5 3 4 5.5 7.5 11.5 13 14 16 16.5 26 30 30.5 32.5 34.5 38.5 39 39.5 100 100 100 100 100 100 100 100 100 100 69 100 100 100 91 100 93.5 100 
305 66 40.5 40.5 94.5 47 99 74.5 13 50.5 36 13.5 74.5 68 35.5 36 11.5 0 1 99 2.5 3.5 5 7 11 12.5 13.5 15.5 16 25.5 29.5 30 32 34 38 38.5 39 100 100 100 100 100 100 100 100 100 100 68.5 100 100 100 90.5 100 93 100 
306 65.5 40 40 94 46.5 98.5 74 12.5 50 35.5 13 74 67.5 35 35.5 11 0.5 98.5 2 3 4.5 6.5 10.5 12 13 15 15.5 25 29 29.5 31.5 33.5 37.5 38 38.5 100 100 100 100 100 100 100 100 100 100 68 100 100 100 90 100 92.5 100 
307 65 39.5 39.5 93.5 46 98 73.5 12 49.5 35 12.5 73.5 67 34.5 35 10.5 0 98 1.5 2.5 4 6 10 11.5 12.5 14.5 15 24.5 28.5 29 31 33 37 37.5 38 100 100 100 100 100 100 100 100 100 100 67.5 100 100 100 89.5 100 100 100 
308 64.5 39 39 93 45.5 97.5 73 11.5 49 34.5 12 73 66.5 34 34.5 10 97.5 1 2 3.5 5.5 9.5 11 12 14 14.5 24 28 28.5 30.5 32.5 36.5 37 37.5 100 100 100 100 100 100 100 100 100 100 67 100 100 100 89 100 100 100 
309 64 38.5 38.5 92.5 45 97 72.5 11 48.5 34 11.5 72.5 66 33.5 34 9.5 97 0.5 1.5 3 5 9 10.5 11.5 13.5 14 23.5 27.5 28 30 32 36 36.5 37 100 100 100 100 100 100 100 100 100 100 66.5 100 100 100 88.5 100 100 100 
310 63.5 38 38 92 44.5 96.5 72 100 48 33.5 11 72 65.5 33 33.5 9 96.5 0 1 2.5 4.5 8.5 10 11 13 13.5 23 27 27.5 29.5 31.5 35.5 36 36.5 100 100 100 100 100 100 100 100 100 100 66 100 100 100 100 100 100 100 
311 63 37.5 37.5 91.5 44 96 71.5 99.5 47.5 33 10.5 71.5 65 32.5 33 8.5 96 0.5 2 4 8 9.5 10.5 12.5 13 22.5 26.5 27 29 31 35 35.5 36 100 100 100 100 100 100 100 100 100 100 65.5 100 100 100 100 100 100 100 
312 62.5 37 37 91 43.5 95.5 71 99 47 32.5 10 71 64.5 32 32.5 8 95.5 0 1.5 3.5 7.5 9 10 12 12.5 22 26 26.5 28.5 30.5 34.5 35 35.5 100 100 100 100 100 100 100 100 100 100 65 100 100 100 100 100 100 100 
313 62 36.5 36.5 90.5 43 95 70.5 98.5 46.5 32 9.5 70.5 64 31.5 32 7.5 95 1 3 7 8.5 9.5 11.5 12 21.5 25.5 26 28 30 34 34.5 35 100 100 100 100 100 100 100 100 100 100 64.5 100 100 100 100 100 100 100 
314 61.5 36 36 90 42.5 94.5 70 98 46 31.5 9 70 63.5 31 31.5 7 94.5 0.5 2.5 6.5 8 9 11 11.5 21 25 25.5 27.5 29.5 33.5 34 34.5 100 100 100 100 100 100 100 100 100 100 64 100 100 100 100 100 100 100 
315 61 35.5 35.5 89.5 42 94 69.5 97.5 45.5 31 8.5 69.5 63 30.5 31 6.5 94 0 2 6 7.5 8.5 10.5 11 20.5 24.5 25 27 29 33 33.5 34 100 100 100 100 100 100 100 100 100 100 63.5 100 100 100 100 100 100 100 
316 60.5 35 35 89 41.5 93.5 69 97 45 30.5 8 69 62.5 30 30.5 6 93.5 1.5 5.5 7 8 10 10.5 20 24 24.5 26.5 28.5 32.5 33 33.5 100 100 100 100 100 100 100 100 100 100 63 100 100 100 100 100 100 100 
317 60 34.5 34.5 88.5 41 93 68.5 96.5 44.5 30 7.5 68.5 62 29.5 30 5.5 93 1 5 6.5 7.5 9.5 10 19.5 23.5 24 26 28 32 32.5 33 100 100 100 100 100 100 100 100 100 100 62.5 100 100 100 100 100 100 100 
318 59.5 34 34 88 40.5 92.5 68 96 44 29.5 7 68 61.5 29 29.5 5 92.5 0.5 4.5 6 7 9 9.5 19 23 23.5 25.5 27.5 31.5 32 32.5 100 100 100 100 100 100 100 100 100 100 62 100 100 100 100 100 100 100 
319 59 33.5 33.5 87.5 40 92 67.5 95.5 43.5 29 6.5 67.5 61 28.5 29 4.5 92 0 4 5.5 6.5 8.5 9 18.5 22.5 23 25 27 31 31.5 32 100 100 100 100 100 100 100 100 100 100 61.5 100 100 100 100 100 100 100 
320 58.5 33 33 87 39.5 91.5 67 95 43 28.5 6 67 60.5 28 28.5 4 91.5 3.5 100 6 8 8.5 18 22 22.5 24.5 26.5 30.5 31 31.5 100 100 100 100 100 100 100 100 100 100 61 100 100 100 100 100 100 100 
321 58 32.5 32.5 86.5 39 91 66.5 94.5 42.5 28 5.5 66.5 60 27.5 28 91 3 99.5 5.5 7.5 8 17.5 21.5 22 24 100 30 30.5 31 100 100 100 100 100 100 100 100 100 100 60.5 100 100 100 100 100 100 100 
322 57.5 32 32 86 38.5 90.5 66 94 42 27.5 5 66 59.5 27 27.5 90.5 2.5 99 5 7 7.5 17 21 21.5 23.5 99.5 29.5 30 30.5 100 100 100 100 100 100 100 100 100 100 60 100 100 100 100 100 100 100 
323 57 31.5 31.5 85.5 38 90 65.5 93.5 41.5 27 4.5 65.5 59 26.5 27 90 2 98.5 4.5 6.5 7 16.5 20.5 21 23 99 29 29.5 30 100 100 100 100 100 100 100 100 100 100 59.5 100 100 100 100 100 100 100 99.5 
324 56.5 31 31 85 37.5 89.5 65 93 41 26.5 4 65 58.5 26 26.5 89.5 1.5 98 4 6 6.5 16 20 20.5 22.5 98.5 28.5 29 29.5 100 100 100 100 100 100 100 100 100 100 59 100 100 100 100 100 100 100 99 
325 56 30.5 30.5 84.5 37 89 64.5 92.5 40.5 26 3.5 64.5 58 25.5 26 89 1 97.5 3.5 5.5 6 15.5 19.5 20 22 98 28 28.5 29 100 100 100 100 100 100 100 100 100 100 58.5 100 100 100 100 100 100 100 98.5 
326 55.5 30 30 84 36.5 88.5 64 92 40 25.5 3 64 57.5 25 25.5 88.5 0.5 97 3 5 5.5 15 19 19.5 21.5 97.5 27.5 28 28.5 100 100 100 100 100 100 100 100 100 100 58 100 100 100 100 100 100 100 98 
327 55 29.5 29.5 83.5 36 88 63.5 91.5 39.5 25 2.5 63.5 57 24.5 25 88 0 96.5 2.5 4.5 5 14.5 18.5 19 21 97 27 27.5 28 100 100 100 100 100 100 100 100 100 100 57.5 100 100 100 100 100 100 100 97.5 
328 54.5 29 29 83 35.5 87.5 63 91 39 24.5 2 63 56.5 24 24.5 87.5 96 2 4 4.5 14 18 18.5 20.5 96.5 26.5 27 27.5 100 100 100 100 100 100 100 100 100 100 57 100 100 100 100 100 100 100 97 
329 54 28.5 28.5 82.5 35 87 62.5 90.5 38.5 24 1.5 62.5 56 23.5 24 87 95.5 1.5 3.5 4 13.5 17.5 18 20 96 26 26.5 27 100 100 100 100 100 100 100 100 100 100 56.5 100 100 100 100 100 100 100 96.5 
330 53.5 28 28 82 34.5 86.5 62 90 38 1 62 55.5 23 86.5 95 1 3 3.5 13 17 17.5 19.5 95.5 25.5 26 26.5 100 100 100 100 100 100 100 100 100 100 56 100 100 100 100 100 100 100 96 
331 53 27.5 27.5 81.5 34 86 61.5 89.5 37.5 0.5 61.5 55 22.5 86 94.5 0.5 2.5 3 12.5 16.5 17 19 95 25 25.5 26 100 100 100 100 100 100 100 100 100 100 55.5 100 100 100 100 100 100 100 95.5 
332 52.5 27 27 81 33.5 85.5 61 89 37 0 61 54.5 22 85.5 94 0 2 2.5 12 16 16.5 18.5 94.5 24.5 25 25.5 100 100 100 100 100 100 100 100 100 100 55 100 100 100 100 100 100 100 95 
333 52 26.5 26.5 80.5 33 85 60.5 88.5 36.5 60.5 54 21.5 85 93.5 1.5 2 11.5 15.5 16 18 94 24 24.5 25 100 100 100 100 100 100 100 100 100 100 54.5 100 100 100 100 100 100 100 94.5 
334 51.5 26 26 80 32.5 84.5 60 88 36 60 53.5 21 84.5 93 1 1.5 11 15 15.5 17.5 93.5 23.5 24 24.5 100 100 100 100 100 100 100 100 100 100 54 100 100 100 100 100 100 100 94 
335 51 100 25.5 79.5 32 84 59.5 87.5 35.5 59.5 53 20.5 84 92.5 0.5 1 10.5 14.5 15 17 93 23 23.5 24 100 100 100 100 100 100 100 100 100 100 53.5 100 100 100 100 100 100 100 100 
336 50.5 99.5 25 79 31.5 83.5 59 87 35 59 52.5 20 83.5 92 0 0.5 10 14 14.5 16.5 92.5 22.5 23 23.5 100 100 100 100 100 100 100 100 100 100 53 100 100 100 100 100 100 100 100 
337 50 99 24.5 78.5 31 83 58.5 86.5 34.5 58.5 52 19.5 83 91.5 0 9.5 13.5 14 16 92 22 22.5 23 100 100 100 100 100 100 100 100 100 100 52.5 100 100 100 100 100 100 100 100 
338 49.5 98.5 24 78 30.5 82.5 58 86 34 58 51.5 19 82.5 91 9 13 13.5 15.5 91.5 21.5 22 22.5 100 100 100 100 100 100 100 100 100 100 52 100 100 100 100 100 100 100 100 
339 49 98 23.5 77.5 30 82 57.5 85.5 33.5 57.5 51 18.5 82 90.5 8.5 12.5 13 15 91 21 21.5 22 100 100 100 100 100 100 100 100 100 100 51.5 100 100 100 100 100 100 100 100 
340 48.5 97.5 23 77 29.5 81.5 57 85 33 57 50.5 18 81.5 90 8 12 12.5 14.5 90.5 20.5 21 21.5 100 100 100 100 100 100 100 100 100 100 51 100 100 100 100 100 100 100 100 
341 48 97 22.5 76.5 29 81 56.5 84.5 32.5 56.5 50 17.5 81 89.5 7.5 11.5 12 14 90 20 20.5 21 100 100 100 100 100 100 100 100 100 100 50.5 100 100 100 100 100 100 100 100 
342 47.5 96.5 22 76 28.5 80.5 56 84 32 56 49.5 17 80.5 89 7 11 11.5 13.5 89.5 19.5 20 20.5 100 100 100 100 100 100 100 100 100 100 50 100 100 100 100 100 100 100 100 
343 47 96 21.5 75.5 28 80 55.5 83.5 31.5 55.5 49 16.5 80 88.5 6.5 10.5 11 13 89 19 19.5 20 100 100 100 100 100 100 100 100 100 100 49.5 100 100 100 100 100 100 100 100 99.5 99.5 
344 46.5 95.5 100 75 27.5 79.5 100 83 31 55 48.5 16 79.5 88 6 10 10.5 12.5 88.5 18.5 19 19.5 100 100 100 100 100 100 100 100 100 100 49 100 100 100 100 100 100 100 100 99 100 
345 100 95 99.5 74.5 27 79 99.5 82.5 30.5 54.5 48 15.5 79 87.5 5.5 9.5 10 12 88 18 18.5 19 100 100 100 100 100 100 100 100 100 100 48.5 100 100 100 100 100 100 100 100 100 100 
346 99.5 94.5 99 74 26.5 78.5 99 82 30 54 47.5 15 78.5 87 5 9 9.5 11.5 87.5 17.5 18 18.5 100 100 100 100 100 100 100 100 100 100 48 100 100 100 100 100 100 100 100 100 100 
347 99 94 98.5 73.5 26 78 98.5 81.5 29.5 53.5 47 14.5 78 86.5 4.5 8.5 9 11 87 17 17.5 18 100 100 100 100 100 100 100 100 100 100 47.5 100 100 100 100 100 100 100 100 100 100 
348 98.5 93.5 98 73 25.5 77.5 98 81 29 53 46.5 14 77.5 86 4 8 8.5 10.5 86.5 16.5 17 17.5 99.5 100 100 100 100 100 100 100 100 100 47 100 100 100 100 100 100 100 100 100 100 99.5 
349 98 93 97.5 72.5 25 77 97.5 80.5 28.5 52.5 46 13.5 77 85.5 3.5 7.5 8 10 86 16 16.5 17 99 99.5 100 100 100 100 100 100 100 100 46.5 100 100 100 100 100 100 100 100 100 100 99 
350 97.5 92.5 97 72 24.5 76.5 97 80 28 52 45.5 13 76.5 85 3 7 7.5 9.5 85.5 15.5 16 16.5 100 99 100 100 100 100 100 100 100 100 46 100 100 100 100 100 100 100 100 100 100 98.5 
351 97 92 96.5 71.5 24 76 96.5 79.5 27.5 51.5 45 12.5 76 84.5 2.5 6.5 7 9 85 15 15.5 16 99.5 100 100 100 100 100 100 100 100 100 45.5 100 100 100 100 100 100 100 100 100 100 98 
352 96.5 91.5 96 71 23.5 75.5 96 79 27 51 44.5 12 75.5 84 2 6 6.5 8.5 84.5 14.5 15 15.5 99 99.5 100 100 100 100 100 100 100 100 45 100 100 100 100 100 100 100 100 100 100 97.5 
353 96 91 95.5 70.5 23 75 95.5 78.5 26.5 50.5 44 11.5 75 83.5 1.5 5.5 6 8 84 14 14.5 15 100 99 100 100 100 100 100 100 100 100 44.5 100 100 100 100 100 100 100 100 100 100 97 
354 95.5 90.5 95 70 22.5 74.5 95 78 26 50 43.5 11 74.5 83 1 5 5.5 7.5 83.5 13.5 14 14.5 99.5 100 100 100 100 100 100 100 100 100 44 100 100 100 100 100 100 100 100 100 100 96.5 99.5 
355 95 90 94.5 69.5 22 74 94.5 77.5 25.5 49.5 43 10.5 74 82.5 0.5 4.5 5 7 83 13 13.5 14 99 99.5 100 100 100 100 100 100 100 100 43.5 100 100 100 100 100 100 100 100 100 100 96 99 
356 94.5 89.5 94 69 21.5 73.5 94 77 25 49 42.5 10 73.5 82 0 4 4.5 6.5 82.5 12.5 13 13.5 100 99 100 100 100 100 100 100 100 100 43 100 100 100 100 100 100 100 100 100 100 95.5 98.5 
357 94 89 93.5 68.5 21 73 93.5 76.5 24.5 48.5 42 9.5 73 81.5 3.5 4 6 82 12 12.5 13 99.5 100 100 100 100 100 100 100 100 100 42.5 100 100 100 100 100 100 100 100 100 100 95 98 
358 93.5 88.5 93 68 20.5 72.5 93 76 24 48 41.5 9 72.5 81 3 3.5 5.5 81.5 11.5 12 12.5 99 99.5 100 100 100 100 100 100 100 100 42 100 100 100 100 100 100 100 100 100 100 94.5 97.5 
359 93 88 92.5 67.5 20 72 92.5 75.5 23.5 47.5 41 8.5 72 80.5 2.5 3 5 81 11 11.5 12 100 99 100 100 100 100 100 100 100 100 41.5 100 100 100 100 100 100 100 100 100 100 94 97 
360 92.5 87.5 92 67 19.5 71.5 92 75 23 47 40.5 8 71.5 80 2 2.5 4.5 80.5 10.5 11 11.5 99.5 100 100 100 100 100 100 100 100 100 41 100 100 100 100 100 100 100 100 100 100 93.5 96.5 
361 92 87 91.5 66.5 19 71 91.5 74.5 22.5 46.5 40 7.5 71 79.5 1.5 2 4 80 10 10.5 11 99 99.5 100 100 100 100 100 100 100 100 40.5 100 100 100 100 100 100 100 100 100 100 93 96 
362 91.5 86.5 91 66 18.5 70.5 91 74 22 46 39.5 7 70.5 79 1 1.5 3.5 79.5 9.5 10 10.5 100 99 100 100 100 100 100 100 100 100 40 100 100 100 100 100 100 100 100 100 100 92.5 95.5 
363 91 86 90.5 65.5 18 70 90.5 73.5 21.5 45.5 39 6.5 70 78.5 0.5 1 3 79 9 9.5 10 99.5 100 100 100 100 100 100 100 100 100 39.5 100 100 100 100 100 100 100 100 100 100 92 95 
364 90.5 85.5 90 65 17.5 69.5 90 73 21 45 38.5 6 69.5 78 0 0.5 2.5 78.5 8.5 9 9.5 99 99.5 100 100 100 100 100 100 100 100 39 100 100 100 100 100 100 100 100 100 100 91.5 94.5 
365 90 85 89.5 64.5 17 69 89.5 72.5 20.5 44.5 38 5.5 69 77.5 0 2 78 8 8.5 9 100 99 100 100 100 100 100 100 100 100 38.5 100 100 100 100 100 100 100 100 100 100 91 94 
366 89.5 84.5 89 64 16.5 68.5 89 72 20 44 37.5 5 68.5 77 1.5 77.5 7.5 8 8.5 99.5 100 100 100 100 100 100 100 100 100 38 100 100 100 100 100 100 100 100 100 100 90.5 93.5 
367 89 84 88.5 63.5 16 68 88.5 71.5 19.5 43.5 37 4.5 68 76.5 1 77 7 7.5 8 99 99.5 100 100 100 100 100 100 100 100 37.5 100 100 100 100 100 100 100 100 100 100 90 93 
368 88.5 83.5 88 63 15.5 67.5 88 71 19 43 36.5 4 67.5 76 0.5 76.5 6.5 7 7.5 100 99 99.5 100 100 100 100 100 100 100 37 100 100 100 100 100 100 100 100 100 100 89.5 92.5 
369 88 83 87.5 62.5 15 67 87.5 70.5 18.5 42.5 36 3.5 67 75.5 0 76 6 6.5 7 99.5 100 99 100 100 100 100 100 100 100 36.5 100 100 100 100 100 100 100 100 100 100 89 92 
370 87.5 82.5 87 62 14.5 66.5 87 70 18 42 35.5 3 66.5 75 75.5 5.5 6 6.5 99 99.5 100 100 100 100 100 100 100 100 36 100 100 100 100 100 100 100 100 100 100 88.5 91.5 
371 87 82 86.5 61.5 14 66 86.5 69.5 17.5 41.5 35 2.5 66 74.5 75 5 5.5 6 100 99 99.5 100 100 100 100 100 100 100 35.5 100 100 100 100 100 100 100 100 100 100 88 91 
372 86.5 81.5 86 61 13.5 65.5 86 69 17 41 34.5 2 65.5 74 74.5 4.5 5 5.5 99.5 100 99 100 100 100 100 100 100 100 35 100 100 100 100 100 100 100 100 100 100 87.5 90.5 
373 86 81 85.5 60.5 13 65 85.5 68.5 16.5 40.5 34 1.5 65 73.5 74 4 4.5 5 99 99.5 100 100 100 100 100 100 100 100 34.5 100 100 100 100 100 100 100 100 100 100 87 90 
374 85.5 80.5 85 60 12.5 64.5 85 68 16 40 33.5 1 64.5 73 73.5 3.5 4 4.5 100 99 99.5 100 100 100 100 100 100 100 34 100 100 100 100 100 100 100 100 100 100 86.5 89.5 
375 85 80 84.5 59.5 12 64 84.5 67.5 15.5 39.5 33 0.5 64 72.5 73 3 3.5 4 99.5 100 99 100 100 100 100 100 100 100 33.5 100 100 100 100 100 100 100 100 100 100 86 89 
376 84.5 79.5 84 59 11.5 63.5 84 67 15 39 32.5 0 63.5 72 72.5 2.5 3 3.5 99 99.5 100 100 100 100 100 100 100 100 33 100 100 100 100 100 100 100 100 100 100 85.5 88.5 
377 84 79 83.5 58.5 11 63 83.5 66.5 14.5 38.5 32 63 71.5 72 2 2.5 3 100 99 99.5 100 100 100 100 100 100 100 32.5 100 100 100 100 100 100 100 100 100 100 85 88 
378 83.5 78.5 83 58 10.5 62.5 83 66 14 38 31.5 62.5 71 71.5 1.5 2 2.5 99.5 100 99 100 100 100 100 100 100 100 32 100 100 100 100 100 100 100 100 100 100 84.5 87.5 
379 83 78 82.5 57.5 10 62 82.5 65.5 13.5 37.5 31 62 70.5 71 1 1.5 2 99 99.5 100 100 100 100 100 100 100 100 31.5 100 100 100 100 100 100 100 100 100 100 84 87 
380 82.5 77.5 82 57 9.5 61.5 82 65 13 37 30.5 61.5 70 70.5 0.5 1 1.5 100 99 99.5 100 100 100 100 100 100 100 31 100 100 100 100 100 100 100 100 100 100 83.5 86.5 
381 82 77 81.5 56.5 9 61 81.5 64.5 12.5 36.5 30 61 69.5 70 0 0.5 1 99.5 100 99 99.5 100 100 100 100 100 100 30.5 100 100 100 100 100 100 100 100 100 100 83 86 
382 81.5 76.5 81 56 8.5 60.5 81 64 12 36 29.5 60.5 69 69.5 0 0.5 99 99.5 100 99 100 100 100 100 100 100 30 100 100 100 100 100 100 100 100 100 100 82.5 85.5 
383 81 76 80.5 55.5 8 60 80.5 63.5 11.5 35.5 29 60 68.5 69 0 100 99 99.5 100 100 100 100 100 100 100 29.5 100 100 100 100 100 100 100 100 100 100 82 85 
384 80.5 75.5 80 55 7.5 59.5 80 63 11 35 28.5 59.5 68 68.5 99.5 100 99 99.5 100 100 100 100 100 100 29 100 100 100 100 100 100 100 100 100 100 81.5 100 
385 80 75 79.5 54.5 7 59 79.5 62.5 10.5 34.5 28 59 67.5 68 99 99.5 100 99 100 100 100 100 100 100 28.5 100 100 100 100 100 100 100 100 100 100 81 100 
386 79.5 74.5 79 54 6.5 58.5 79 62 10 34 27.5 58.5 67 67.5 100 99 99.5 100 99.5 100 100 100 100 100 28 100 100 100 100 100 100 100 100 100 100 80.5 100 
387 79 74 78.5 53.5 6 58 78.5 61.5 9.5 33.5 27 58 66.5 67 99.5 100 99 99.5 99 100 100 100 100 100 100 100 100 100 100 100 100 100 100 100 100 80 100 
388 78.5 73.5 78 53 5.5 57.5 78 61 9 33 26.5 57.5 66 66.5 99 99.5 100 99 100 100 100 100 100 100 100 100 100 100 100 100 100 100 100 100 100 79.5 100 
389 78 73 77.5 52.5 5 57 77.5 60.5 8.5 32.5 26 57 65.5 66 100 99 99.5 100 99.5 100 100 100 100 100 100 100 100 100 100 100 100 100 100 100 100 79 100 
390 77.5 72.5 77 52 4.5 56.5 77 60 8 32 25.5 56.5 65 65.5 99.5 100 99 99.5 99 100 100 100 100 100 100 100 100 100 100 100 100 100 100 100 100 78.5 100 
391 77 72 76.5 51.5 4 56 76.5 59.5 7.5 31.5 25 56 64.5 65 99 99.5 100 99 100 99.5 100 100 100 100 100 100 100 100 100 100 100 100 100 100 100 78 100 
392 76.5 71.5 76 51 3.5 55.5 76 59 7 31 24.5 55.5 64 64.5 100 99 99.5 100 99.5 99 100 100 100 100 100 100 100 100 100 100 100 100 100 100 100 77.5 100 
393 76 71 75.5 50.5 3 55 75.5 58.5 6.5 30.5 24 55 63.5 64 99.5 100 99 99.5 99 100 100 100 100 100 100 100 100 100 100 100 100 100 100 100 100 100 100 99.5 
394 75.5 70.5 75 50 2.5 54.5 75 58 6 30 23.5 54.5 63 63.5 99 99.5 100 99 100 99.5 100 100 100 100 100 100 100 100 100 100 100 100 100 100 100 100 100 99 
395 75 70 74.5 49.5 2 54 74.5 57.5 5.5 29.5 23 54 62.5 63 100 99 99.5 100 99.5 99 100 100 100 100 100 100 100 100 100 100 100 100 100 100 100 100 100 98.5 99.5 
396 74.5 69.5 74 49 1.5 53.5 74 57 5 29 22.5 53.5 62 62.5 99.5 100 99 99.5 99 100 100 100 100 100 100 100 100 100 100 100 100 100 100 100 100 100 100 98 99 
397 74 69 73.5 48.5 1 53 73.5 56.5 4.5 28.5 22 53 61.5 62 99 99.5 100 99 100 99.5 99.5 100 100 100 100 100 100 100 100 100 100 100 100 100 100 100 100 97.5 98.5 
398 73.5 68.5 73 48 0.5 52.5 73 56 4 28 21.5 52.5 61 61.5 100 99 99.5 100 99.5 99 99 100 100 100 100 100 100 100 100 100 100 100 100 100 100 100 100 97 98 
399 73 68 72.5 47.5 0 52 72.5 55.5 3.5 27.5 21 52 60.5 61 99.5 100 99 99.5 99 100 100 99.5 100 100 100 100 100 100 100 100 100 100 100 100 100 100 100 96.5 97.5 
400 72.5 67.5 72 47 51.5 72 55 3 27 20.5 51.5 60 60.5 99 99.5 100 99 100 99.5 99.5 99 99.5 99.5 100 100 100 100 100 100 100 100 100 100 100 100 100 96 97 
401 72 67 71.5 46.5 51 71.5 54.5 2.5 26.5 20 51 59.5 60 100 99 99.5 100 99.5 99 99 100 99 99 100 100 100 100 100 100 100 100 100 100 100 100 100 95.5 96.5 
402 71.5 66.5 71 46 50.5 71 54 2 26 19.5 50.5 59 59.5 99.5 100 99 99.5 99 100 100 99.5 100 100 100 100 100 100 100 100 100 100 100 100 100 100 100 95 96 
403 71 66 70.5 45.5 50 70.5 53.5 1.5 25.5 19 50 58.5 59 99 99.5 100 99 100 99.5 99.5 99 99.5 99.5 99.5 100 100 100 100 100 100 100 100 100 100 100 100 94.5 95.5 
404 100 65.5 70 45 49.5 70 53 1 25 18.5 49.5 58 58.5 100 99 99.5 100 99.5 99 99 100 99 99 99 100 100 100 100 100 100 100 100 100 100 100 100 94 95 
405 99.5 65 69.5 44.5 49 69.5 52.5 0.5 24.5 18 49 57.5 58 99.5 100 99 99.5 99 100 100 99.5 100 100 100 100 100 100 100 100 100 100 100 100 100 100 100 93.5 94.5 
406 99 64.5 69 44 48.5 69 52 0 24 17.5 48.5 57 57.5 99 99.5 100 99 100 99.5 99.5 99 99.5 99.5 99.5 100 100 100 100 100 100 100 100 100 100 100 100 93 94 
407 98.5 64 68.5 43.5 48 68.5 51.5 23.5 17 48 56.5 57 100 99 99.5 100 99.5 99 99 100 99 99 99 100 100 100 100 100 100 100 100 100 100 100 100 92.5 93.5 
408 98 63.5 68 43 47.5 68 51 23 16.5 47.5 56 56.5 99.5 100 99 99.5 99 100 100 99.5 100 100 100 100 100 100 100 100 100 100 100 100 100 100 100 92 93 
409 97.5 63 67.5 42.5 47 67.5 50.5 22.5 16 47 55.5 56 99 99.5 100 99 100 99.5 99.5 99 99.5 99.5 99.5 100 100 100 100 100 100 100 100 100 100 100 100 91.5 92.5 
410 97 62.5 67 42 46.5 67 50 22 15.5 46.5 55 55.5 100 99 99.5 100 99.5 99 99 100 99 99 99 100 100 100 100 100 100 100 100 100 100 100 100 91 92 
411 96.5 62 66.5 41.5 46 66.5 49.5 21.5 15 46 54.5 55 99.5 100 99 99.5 99 100 100 99.5 100 100 100 100 100 100 100 100 100 100 100 100 100 100 100 90.5 91.5 99.5 
412 96 61.5 66 41 45.5 66 49 21 14.5 45.5 54 54.5 99 99.5 100 99 100 99.5 99.5 99 99.5 99.5 99.5 100 100 100 100 100 100 100 100 100 100 100 100 90 91 99 
413 95.5 61 65.5 40.5 45 65.5 48.5 20.5 14 45 53.5 54 100 99 99.5 100 99.5 99 99 100 99 99 99 100 100 100 100 100 100 100 100 100 100 100 100 89.5 90.5 98.5 
414 95 60.5 65 40 44.5 65 48 20 13.5 44.5 53 53.5 99.5 100 99 99.5 99 100 100 99.5 100 100 100 100 100 100 100 100 100 100 100 100 100 100 100 89 90 98 
415 94.5 60 64.5 39.5 44 64.5 47.5 19.5 13 44 52.5 53 99 99.5 100 99 100 99.5 99.5 99 99.5 99.5 99.5 100 100 100 100 100 100 100 100 100 100 100 100 88.5 89.5 97.5 
416 94 59.5 64 39 43.5 64 47 19 12.5 43.5 52 52.5 100 99 99.5 100 99.5 99 99 100 99 99 99 100 100 100 100 100 100 100 100 100 100 100 100 88 89 97 
417 93.5 59 63.5 38.5 43 63.5 46.5 18.5 12 43 51.5 52 99.5 100 99 99.5 99 100 100 99.5 100 100 100 100 100 100 100 100 100 100 100 100 100 100 100 87.5 88.5 96.5 
418 93 58.5 63 38 42.5 63 46 18 11.5 42.5 51 51.5 99 99.5 100 99 100 99.5 99.5 99 99.5 99.5 99.5 100 100 100 100 100 100 100 100 100 100 100 100 87 88 96 
419 92.5 58 62.5 37.5 42 62.5 45.5 17.5 11 42 50.5 51 100 99 99.5 100 99.5 99 99 100 99 99 99 100 100 100 100 100 100 100 100 100 100 100 100 86.5 87.5 95.5 
420 92 57.5 62 37 41.5 62 45 17 10.5 41.5 50 50.5 99.5 100 99 99.5 99 100 100 99.5 100 100 100 100 100 100 100 100 100 100 100 100 100 100 100 86 87 95 
421 91.5 57 61.5 36.5 41 61.5 44.5 16.5 10 41 49.5 50 99 99.5 100 99 100 99.5 99.5 99 99.5 99.5 99.5 100 100 100 100 100 100 100 100 100 100 100 100 85.5 86.5 94.5 
422 91 56.5 61 36 40.5 61 44 16 9.5 40.5 49 49.5 100 99 99.5 100 99.5 99 99 100 99 99 99 100 100 100 100 100 100 100 100 100 100 100 100 85 86 94 
423 90.5 56 60.5 35.5 40 60.5 43.5 15.5 9 40 48.5 49 99.5 100 99 99.5 99 100 100 99.5 100 100 100 100 100 100 100 100 100 100 100 100 100 100 100 84.5 85.5 93.5 
424 90 55.5 60 35 39.5 60 43 15 8.5 39.5 48 48.5 99 99.5 100 99 100 99.5 99.5 99 99.5 99.5 99.5 100 100 100 100 100 100 100 100 100 100 100 100 84 85 93 
425 89.5 55 59.5 34.5 39 59.5 42.5 14.5 8 39 47.5 48 100 99 99.5 100 99.5 99 99 100 99 99 99 100 100 100 100 100 100 100 100 100 100 100 100 83.5 84.5 92.5 
426 89 54.5 59 34 38.5 59 42 14 7.5 38.5 47 47.5 99.5 100 99 99.5 99 100 100 99.5 100 100 100 100 100 100 100 100 100 100 100 100 100 100 100 83 84 92 
427 88.5 54 58.5 33.5 38 58.5 41.5 13.5 7 38 46.5 47 99 99.5 100 99 100 99.5 99.5 99 99.5 99.5 99.5 100 100 100 100 100 100 100 100 100 100 100 100 82.5 83.5 91.5 
428 88 53.5 58 33 37.5 58 41 13 6.5 37.5 46 46.5 100 99 99.5 100 99.5 99 99 100 99 99 99 100 100 100 100 100 100 100 100 100 100 100 100 82 83 91 
429 87.5 53 57.5 32.5 37 57.5 40.5 12.5 6 37 45.5 46 99.5 100 99 99.5 99 100 100 99.5 100 100 100 100 100 100 100 100 100 100 100 100 100 100 100 81.5 82.5 90.5 
430 87 52.5 57 32 36.5 57 40 12 5.5 36.5 45 45.5 99 99.5 100 99 100 99.5 99.5 99 99.5 99.5 99.5 100 100 100 100 100 100 100 100 100 100 100 100 81 82 90 
431 86.5 52 56.5 31.5 36 56.5 39.5 11.5 5 36 44.5 45 100 99 99.5 100 99.5 99 99 100 99 99 99 100 100 100 100 100 100 100 100 100 100 100 100 80.5 81.5 89.5 
432 86 51.5 56 31 35.5 56 39 11 4.5 35.5 44 44.5 99.5 100 99 99.5 99 100 100 99.5 100 100 100 99.5 100 100 100 100 100 100 100 100 100 100 100 80 81 89 
433 85.5 51 55.5 30.5 35 55.5 38.5 10.5 4 35 43.5 44 99 99.5 100 99 100 99.5 99.5 99 99.5 99.5 99.5 99 100 100 100 100 100 100 100 100 100 100 100 79.5 80.5 88.5 
434 85 50.5 55 30 34.5 55 38 10 3.5 34.5 43 43.5 100 99 99.5 100 99.5 99 99 100 99 99 99 100 99.5 100 100 100 100 100 100 100 100 100 100 79 80 88 
435 84.5 50 54.5 29.5 34 54.5 37.5 9.5 3 34 42.5 43 99.5 100 99 99.5 99 100 100 99.5 100 100 100 99.5 99 100 100 100 100 100 100 100 100 100 100 78.5 79.5 87.5 
436 84 49.5 54 29 33.5 54 37 9 2.5 33.5 42 42.5 99 99.5 100 99 100 99.5 99.5 99 99.5 99.5 99.5 99 100 100 100 100 100 100 100 100 100 100 100 78 79 87 
437 83.5 49 53.5 28.5 33 53.5 36.5 8.5 2 33 41.5 42 100 99 99.5 100 99.5 99 99 100 99 99 99 100 99.5 99.5 100 100 100 100 100 100 100 100 100 77.5 78.5 86.5 99.5 
438 83 48.5 53 28 32.5 53 36 8 1.5 32.5 41 41.5 99.5 100 99 99.5 99 100 100 99.5 100 100 100 99.5 99 99 100 100 100 100 100 100 100 100 100 77 78 86 99 
439 82.5 48 52.5 27.5 32 52.5 35.5 7.5 1 32 40.5 41 99 99.5 100 99 100 99.5 99.5 99 99.5 99.5 99.5 99 100 100 100 100 100 100 100 100 100 100 100 76.5 77.5 85.5 98.5 
440 82 47.5 52 27 31.5 52 35 7 0.5 31.5 40 40.5 100 99 99.5 100 99.5 99 99 100 99 99 99 100 99.5 99.5 100 100 100 100 100 100 100 100 100 76 77 85 98 
441 81.5 47 51.5 26.5 31 51.5 34.5 6.5 0 31 39.5 40 99.5 100 99 99.5 99 100 100 99.5 100 100 100 99.5 99 99 100 100 100 100 100 100 100 100 100 75.5 76.5 84.5 97.5 
442 81 46.5 51 26 30.5 51 34 6 30.5 39 39.5 99 99.5 100 99 100 99.5 99.5 99 99.5 99.5 99.5 99 100 100 100 100 100 100 100 100 100 100 100 75 76 84 97 
443 80.5 46 50.5 25.5 30 50.5 33.5 100 30 38.5 39 100 99 99.5 100 99.5 99 99 100 99 99 99 100 99.5 99.5 100 100 100 100 100 100 100 100 100 74.5 75.5 83.5 96.5 
444 80 45.5 50 25 29.5 50 33 99.5 29.5 38 38.5 99.5 100 99 99.5 99 100 100 99.5 100 100 100 99.5 99 99 100 100 100 100 100 100 100 100 100 74 75 83 96 99.5 
445 79.5 45 49.5 24.5 29 49.5 32.5 99 29 37.5 38 99 99.5 100 99 100 99.5 99.5 99 99.5 99.5 99.5 99 100 100 100 100 100 100 100 100 100 100 100 73.5 74.5 82.5 95.5 99 
446 79 44.5 49 24 28.5 49 32 98.5 28.5 37 37.5 100 99 99.5 100 99.5 99 99 100 99 99 99 100 99.5 99.5 100 100 100 100 100 100 100 100 100 73 74 82 95 98.5 
447 78.5 44 48.5 23.5 28 48.5 31.5 98 28 36.5 37 99.5 100 99 99.5 99 100 100 99.5 100 100 100 99.5 99 99 99.5 100 100 100 100 100 100 100 100 72.5 73.5 81.5 94.5 98 99.5 
448 78 43.5 48 23 27.5 48 31 97.5 36 36.5 99 99.5 100 99 100 99.5 99.5 99 99.5 99.5 99.5 99 100 100 99 100 100 100 100 100 100 100 100 72 73 81 94 97.5 99 
449 77.5 43 47.5 22.5 47.5 30.5 97 35.5 36 100 99 99.5 100 99.5 99 99 100 99 99 99 100 99.5 99.5 100 100 100 100 100 100 100 100 100 71.5 72.5 80.5 93.5 97 98.5 
450 77 42.5 47 22 47 30 96.5 35 35.5 99.5 100 99 99.5 99 100 100 99.5 100 100 100 99.5 99 99 99.5 100 100 100 100 100 100 100 100 71 72 80 93 96.5 98 
451 76.5 42 46.5 21.5 46.5 29.5 96 34.5 35 99 99.5 100 99 100 99.5 99.5 99 99.5 99.5 99.5 99 100 100 99 99.5 100 100 100 100 100 100 100 70.5 71.5 79.5 92.5 96 97.5 
452 76 41.5 46 21 46 29 95.5 34 34.5 100 99 99.5 100 99.5 99 99 100 99 99 99 100 99.5 99.5 100 99 99.5 100 100 100 100 100 100 70 71 79 92 95.5 97 
453 75.5 41 45.5 20.5 45.5 28.5 95 33.5 34 99.5 100 99 99.5 99 100 100 99.5 100 100 100 99.5 99 99 99.5 100 99 100 100 100 100 100 100 69.5 70.5 78.5 91.5 95 96.5 
454 75 40.5 45 20 45 28 94.5 33 33.5 99 99.5 100 99 100 99.5 99.5 99 99.5 99.5 99.5 99 100 100 99 99.5 100 100 100 100 100 100 100 69 70 78 91 94.5 96 
455 74.5 40 44.5 19.5 44.5 27.5 94 32.5 33 100 99 99.5 100 99.5 99 99 100 99 99 99 100 99.5 99.5 100 99 99.5 100 100 100 100 100 100 68.5 69.5 77.5 90.5 94 95.5 
456 74 39.5 44 19 44 27 93.5 32 32.5 99.5 100 99 99.5 99 100 100 99.5 100 100 100 99.5 99 99 99.5 100 99 99.5 100 100 100 100 100 68 69 77 90 93.5 95 
457 73.5 39 43.5 18.5 43.5 26.5 93 31.5 32 99 99.5 100 99 100 99.5 99.5 99 99.5 99.5 99.5 99 100 100 99 99.5 100 99 100 100 100 100 100 67.5 68.5 76.5 89.5 93 94.5 
458 73 38.5 43 18 43 26 92.5 31 31.5 100 99 99.5 100 99.5 99 99 100 99 99 99 100 99.5 99.5 100 99 99.5 100 100 100 100 100 100 67 68 76 89 92.5 94 
459 72.5 38 42.5 17.5 42.5 25.5 92 30.5 31 99.5 100 99 99.5 99 100 100 99.5 100 100 100 99.5 99 99 99.5 100 99 99.5 100 100 100 100 100 66.5 67.5 75.5 88.5 92 93.5 
460 72 37.5 42 17 42 25 91.5 30 30.5 99 99.5 100 99 100 99.5 99.5 99 99.5 99.5 99.5 99 100 100 99 99.5 100 99 100 100 100 100 100 66 67 75 88 91.5 93 
461 71.5 37 41.5 16.5 41.5 24.5 91 29.5 30 100 99 99.5 100 99.5 99 99 100 99 99 99 100 99.5 99.5 100 99 99.5 100 100 100 100 100 100 65.5 66.5 74.5 87.5 91 92.5 
462 71 36.5 41 16 41 24 90.5 29 29.5 99.5 100 99 99.5 99 100 100 99.5 100 100 100 99.5 99 99 99.5 100 99 99.5 100 100 100 100 100 65 66 74 87 90.5 92 
463 70.5 36 100 15.5 100 23.5 90 28.5 29 99 99.5 100 99 100 99.5 99.5 99 99.5 99.5 99.5 99 100 100 99 99.5 100 99 100 100 100 100 100 64.5 65.5 73.5 86.5 90 91.5 
464 70 35.5 99.5 15 99.5 23 89.5 28 28.5 100 99 99.5 100 99.5 99 99 100 99 99 99 100 99.5 99.5 100 99 99.5 100 100 100 100 100 100 64 65 73 86 89.5 91 
465 69.5 35 99 14.5 99 22.5 89 27.5 28 99.5 100 99 99.5 99 100 100 99.5 100 100 100 99.5 99 99 99.5 100 99 99.5 100 100 100 100 100 63.5 64.5 72.5 85.5 89 90.5 
466 69 34.5 98.5 14 98.5 22 88.5 27 27.5 99 99.5 100 99 100 99.5 99.5 99 99.5 99.5 99.5 99 100 100 99 99.5 100 99 100 100 100 100 100 63 64 72 85 88.5 90 
467 68.5 34 98 13.5 98 21.5 88 26.5 27 100 99 99.5 100 99.5 99 99 100 99 99 99 100 99.5 99.5 100 99 99.5 100 100 100 100 100 100 62.5 63.5 71.5 84.5 88 89.5 
468 68 33.5 97.5 13 97.5 21 87.5 26 26.5 99.5 100 99 99.5 99 100 100 99.5 100 100 100 99.5 99 99 99.5 100 99 99.5 100 100 100 100 100 62 63 71 84 87.5 89 
469 67.5 33 97 12.5 97 20.5 87 25.5 26 99 99.5 100 99 100 99.5 99.5 99 99.5 99.5 99.5 99 100 100 99 99.5 100 99 100 100 100 100 100 61.5 62.5 70.5 83.5 87 88.5 
470 67 32.5 96.5 12 96.5 20 86.5 25 25.5 100 99 99.5 100 99.5 99 99 100 99 99 99 100 99.5 99.5 100 99 99.5 100 100 100 100 100 100 61 62 70 83 86.5 88 
471 66.5 32 96 11.5 96 19.5 86 24.5 25 99.5 100 99 99.5 99 100 100 99.5 100 100 100 99.5 99 99 99.5 100 99 99.5 100 100 100 100 100 60.5 61.5 69.5 82.5 86 87.5 
472 66 31.5 95.5 11 95.5 19 85.5 24 24.5 99 99.5 100 99 100 99.5 99.5 99 99.5 99.5 99.5 99 100 100 99 99.5 100 99 100 100 100 100 100 60 61 69 82 85.5 87 
473 65.5 31 95 10.5 95 18.5 85 23.5 24 100 99 99.5 100 99.5 99 99 100 99 99 99 100 99.5 99.5 100 99 99.5 100 100 100 100 100 100 59.5 60.5 68.5 81.5 85 86.5 99.5 
474 65 30.5 94.5 10 94.5 18 84.5 23 23.5 99.5 100 99 99.5 99 100 100 99.5 100 100 100 99.5 99 99 99.5 100 99 99.5 100 100 100 100 100 59 60 68 81 84.5 86 99 
475 64.5 30 94 9.5 94 17.5 84 22.5 23 99 99.5 100 99 100 99.5 99.5 99 99.5 99.5 99.5 99 100 100 99 99.5 100 99 100 100 100 100 100 58.5 59.5 67.5 80.5 84 85.5 98.5 
476 64 29.5 93.5 9 93.5 17 83.5 22 22.5 100 99 99.5 100 99.5 99 99 100 99 99 99 100 99.5 99.5 100 99 99.5 100 100 100 100 100 100 58 59 67 80 83.5 85 98 
477 63.5 29 93 8.5 93 16.5 83 21.5 100 99.5 100 99 99.5 99 100 100 99.5 100 100 100 99.5 99 99 99.5 100 99 99.5 100 100 100 100 100 57.5 58.5 66.5 79.5 83 84.5 97.5 
478 63 28.5 92.5 8 92.5 16 82.5 21 99.5 99 99.5 100 99 100 99.5 99.5 99 99.5 99.5 99.5 99 100 100 99 99.5 100 99 100 100 100 100 100 57 58 66 79 82.5 84 97 
479 62.5 28 92 7.5 92 15.5 82 20.5 99 100 99 99.5 100 99.5 99 99 100 99 99 99 100 99.5 99.5 100 99 99.5 100 100 100 100 100 100 56.5 57.5 65.5 78.5 82 83.5 96.5 
480 62 27.5 91.5 91.5 15 81.5 20 98.5 99.5 100 99 99.5 99 100 100 99.5 100 100 100 99.5 99 99 99.5 100 99 99.5 100 100 100 100 100 56 57 65 78 81.5 83 96 
481 61.5 27 91 91 14.5 81 19.5 98 99 99.5 100 99 100 99.5 99.5 99 99.5 99.5 99.5 99 100 100 99 99.5 100 99 100 100 100 100 100 55.5 56.5 64.5 77.5 81 82.5 95.5 
482 61 26.5 90.5 90.5 14 80.5 19 97.5 100 99 99.5 100 99.5 99 99 100 99 99 99 100 99.5 99.5 100 99 99.5 100 100 100 100 100 100 55 56 64 77 80.5 82 95 
483 60.5 26 90 90 13.5 80 18.5 97 99.5 100 99 99.5 99 100 100 99.5 100 100 100 99.5 99 99 99.5 100 99 99.5 99.5 100 100 100 100 54.5 55.5 63.5 76.5 80 81.5 94.5 
484 60 25.5 89.5 89.5 13 79.5 18 96.5 99 99.5 100 99 100 99.5 99.5 99 99.5 99.5 99.5 99 100 100 99 99.5 100 99 99 100 100 100 100 54 55 63 76 79.5 81 94 
485 59.5 25 89 89 12.5 79 17.5 96 100 99 99.5 100 99.5 99 99 100 99 99 99 100 99.5 99.5 100 99 99.5 100 100 100 100 100 100 53.5 54.5 62.5 75.5 79 80.5 93.5 
486 59 24.5 88.5 88.5 12 78.5 17 95.5 99.5 100 99 99.5 99 100 100 99.5 100 100 100 99.5 99 99 99.5 100 99 99.5 99.5 100 100 100 100 53 54 62 75 78.5 80 93 
487 58.5 24 88 88 11.5 78 16.5 95 99 99.5 100 99 100 99.5 99.5 99 99.5 99.5 99.5 99 100 100 99 99.5 100 99 99 100 100 100 100 52.5 53.5 61.5 74.5 78 79.5 92.5 
488 58 23.5 87.5 87.5 11 77.5 16 94.5 100 99 99.5 100 99.5 99 99 100 99 99 99 100 99.5 99.5 100 99 99.5 100 100 100 100 100 100 52 53 61 74 77.5 79 92 
489 57.5 23 87 87 10.5 77 15.5 94 99.5 100 99 99.5 99 100 100 99.5 100 100 100 99.5 99 99 99.5 100 99 99.5 99.5 100 100 100 100 51.5 52.5 60.5 73.5 77 78.5 91.5 
490 57 22.5 86.5 86.5 10 76.5 15 93.5 99 99.5 100 99 100 99.5 99.5 99 99.5 99.5 99.5 99 100 100 99 99.5 100 99 99 100 100 100 100 51 52 60 73 76.5 78 91 
491 56.5 22 86 86 9.5 76 14.5 93 100 99 99.5 100 99.5 99 99 100 99 99 99 100 99.5 99.5 100 99 99.5 100 100 100 100 100 100 50.5 51.5 59.5 72.5 76 77.5 90.5 
492 56 21.5 85.5 85.5 9 75.5 14 92.5 99.5 100 99 99.5 99 100 100 99.5 100 100 100 99.5 99 99 99.5 100 99 99.5 99.5 100 100 100 100 50 51 59 72 75.5 77 90 
493 55.5 85 85 8.5 75 92 99 99.5 100 99 100 99.5 99.5 99 99.5 99.5 99.5 99 100 100 99 99.5 100 99 99 100 100 100 100 49.5 50.5 58.5 71.5 75 76.5 89.5 
494 55 84.5 84.5 8 74.5 91.5 100 99 99.5 100 99.5 99 99 100 99 99 99 100 99.5 99.5 100 99 99.5 100 100 100 100 100 100 49 50 58 71 74.5 76 89 99.5 
495 54.5 84 84 7.5 74 91 99.5 100 99 99.5 99 100 100 99.5 100 100 100 99.5 99 99 99.5 100 99 99.5 99.5 100 100 100 100 48.5 49.5 57.5 70.5 74 75.5 88.5 99 
496 54 83.5 83.5 7 73.5 90.5 99 99.5 100 99 100 99.5 99.5 99 99.5 99.5 99.5 99 100 100 99 99.5 100 99 99 100 100 100 100 48 49 57 70 73.5 75 88 98.5 
497 53.5 83 83 6.5 73 90 100 99 99.5 100 99.5 99 99 100 99 99 99 100 99.5 99.5 100 99 99.5 100 100 100 100 100 100 47.5 48.5 56.5 69.5 73 74.5 87.5 98 
498 53 82.5 82.5 6 72.5 89.5 99.5 100 99 99.5 99 100 100 99.5 100 100 100 99.5 99 99 99.5 100 99 99.5 99.5 100 100 100 100 47 48 56 69 72.5 74 87 97.5 99.5 
499 52.5 82 82 5.5 72 89 99 99.5 100 99 100 99.5 99.5 99 99.5 99.5 99.5 99 100 100 99 99.5 100 99 99 100 100 100 100 46.5 47.5 55.5 68.5 72 73.5 86.5 97 99 
500 52 81.5 81.5 5 71.5 88.5 100 99 99.5 100 99.5 99 99 100 99 99 99 100 99.5 99.5 100 99 99.5 100 100 100 100 100 100 46 47 55 68 71.5 73 86 96.5 98.5 
501 88 99.5 100 99 99.5 99 100 100 99.5 100 100 100 99.5 99 99 99.5 100 99 99.5 99.5 100 100 100 100 45.5 46.5 54.5 67.5 71 72.5 85.5 96 98 
502 87.5 99 99.5 100 99 100 99.5 99.5 99 99.5 99.5 99.5 99 100 100 99 99.5 100 99 99 100 100 100 100 45 46 54 67 70.5 72 85 95.5 97.5 
503 87 100 99 99.5 100 99.5 99 99 100 99 99 99 100 99.5 99.5 100 99 99.5 100 100 99.5 99.5 100 100 44.5 45.5 53.5 66.5 70 71.5 84.5 95 97 
504 86.5 99.5 100 99 99.5 99 100 100 99.5 100 100 100 99.5 99 99 99.5 100 99 99.5 99.5 99 99 100 100 44 45 53 66 69.5 71 84 94.5 96.5 
505 86 99 99.5 100 99 100 99.5 99.5 99 99.5 99.5 99.5 99 100 100 99 99.5 100 99 99 100 100 100 100 43.5 44.5 52.5 65.5 69 70.5 83.5 94 96 
506 85.5 100 99 99.5 100 99.5 99 99 100 99 99 99 100 99.5 99.5 100 99 99.5 100 100 99.5 99.5 100 100 43 44 52 65 68.5 70 83 93.5 95.5 
507 85 99.5 100 99 99.5 99 100 100 99.5 100 100 100 99.5 99 99 99.5 100 99 99.5 99.5 99 99 100 100 42.5 43.5 51.5 64.5 68 69.5 82.5 93 95 
508 84.5 99 99.5 100 99 100 99.5 99.5 99 99.5 99.5 99.5 99 100 100 99 99.5 100 99 99 100 100 99.5 100 42 43 51 64 67.5 69 82 92.5 94.5 
509 84 100 99 99.5 100 99.5 99 99 100 99 99 99 100 99.5 99.5 100 99 99.5 100 100 99.5 99.5 99 100 41.5 42.5 50.5 63.5 67 68.5 81.5 92 94 
510 83.5 99.5 100 99 99.5 99 100 100 99.5 100 100 100 99.5 99 99 99.5 100 99 99.5 99.5 99 99 100 100 41 42 50 63 66.5 68 81 91.5 93.5 
511 83 99 99.5 100 99 100 99.5 99.5 99 99.5 99.5 99.5 99 100 100 99 99.5 100 99 99 100 100 99.5 100 40.5 41.5 49.5 62.5 66 67.5 80.5 91 93 
512 82.5 98.5 99 99.5 100 99.5 99 99 100 99 99 99 100 99.5 99.5 100 99 99.5 100 100 99.5 99.5 99 100 40 41 49 62 65.5 67 80 90.5 92.5 
513 82 100 98.5 99 99.5 99 100 100 99.5 100 100 100 99.5 99 99 99.5 100 99 99.5 99.5 99 99 100 100 39.5 40.5 48.5 61.5 65 66.5 79.5 90 92 
514 81.5 99.5 100 100 99 100 99.5 99.5 99 99.5 99.5 99.5 99 100 100 99 99.5 100 99 99 100 100 99.5 99.5 39 40 48 61 64.5 66 79 89.5 91.5 
515 81 99 99.5 99.5 100 99.5 99 99 100 99 99 99 100 99.5 99.5 100 99 99.5 100 100 99.5 99.5 99 99 38.5 39.5 47.5 60.5 64 65.5 78.5 89 91 
516 80.5 98.5 99 99 99.5 99 100 100 99.5 100 100 100 99.5 99 99 99.5 100 99 99.5 99.5 99 99 100 100 38 39 47 60 63.5 65 78 88.5 90.5 
517 80 100 98.5 100 99 100 99.5 99.5 99 99.5 99.5 99.5 99 100 100 99 99.5 100 99 99 100 100 99.5 99.5 37.5 38.5 46.5 59.5 63 64.5 77.5 88 90 
518 79.5 99.5 100 99.5 100 99.5 99 99 100 99 99 99 100 99.5 99.5 100 99 99.5 100 100 99.5 99.5 99 99 37 38 46 59 62.5 64 77 87.5 89.5 
519 79 99 99.5 99 99.5 99 100 100 99.5 100 100 100 99.5 99 99 99.5 100 99 99.5 99.5 99 99 100 100 36.5 37.5 45.5 58.5 62 63.5 76.5 87 89 
520 78.5 98.5 99 100 99 100 99.5 99.5 99 99.5 99.5 99.5 99 100 100 99 99.5 100 99 99 100 100 99.5 99.5 36 37 45 58 61.5 63 76 86.5 88.5 
521 78 100 98.5 99.5 100 99.5 99 99 100 99 99 99 100 99.5 99.5 100 99 99.5 100 100 99.5 99.5 99 99 35.5 36.5 44.5 57.5 61 62.5 75.5 86 88 
522 77.5 99.5 100 99 99.5 99 100 100 99.5 100 100 100 99.5 99 99 99.5 100 99 99.5 99.5 99 99 100 100 35 36 44 57 60.5 62 75 85.5 87.5 
523 77 99 99.5 100 99 100 99.5 99.5 99 99.5 99.5 99.5 99 100 100 99 99.5 100 99 99 100 100 99.5 99.5 34.5 35.5 43.5 56.5 60 61.5 74.5 85 87 
524 76.5 98.5 99 99.5 100 99.5 99 99 100 99 99 99 100 99.5 99.5 100 99 99.5 100 100 99.5 99.5 99 99 34 35 43 56 59.5 61 74 84.5 86.5 
525 76 100 98.5 99 99.5 99 100 100 99.5 100 100 100 99.5 99 99 99.5 100 99 99.5 99.5 99 99 100 100 33.5 34.5 42.5 55.5 59 60.5 73.5 84 86 
526 75.5 99.5 100 100 99 100 99.5 99.5 99 99.5 99.5 99.5 99 100 100 99 99.5 100 99 99 100 100 99.5 99.5 33 34 42 55 58.5 60 73 83.5 85.5 
527 75 99 99.5 99.5 100 99.5 99 99 100 99 99 99 100 99.5 99.5 100 99 99.5 100 100 99.5 99.5 99 99 32.5 33.5 41.5 54.5 58 59.5 72.5 83 85 
528 74.5 98.5 99 99 99.5 99 100 100 99.5 100 100 100 99.5 99 99 99.5 100 99 99.5 99.5 99 99 100 100 32 33 41 54 57.5 59 72 82.5 84.5 
529 74 100 98.5 100 99 100 99.5 99.5 99 99.5 99.5 99.5 99 100 100 99 99.5 100 99 99 100 100 99.5 99.5 31.5 32.5 40.5 53.5 57 58.5 71.5 82 84 
530 73.5 99.5 100 99.5 100 99.5 99 99 100 99 99 99 100 99.5 99.5 100 99 99.5 100 100 99.5 99.5 99 99 31 32 40 53 56.5 58 71 81.5 83.5 
531 73 99 99.5 99 99.5 99 100 100 99.5 100 100 100 99.5 99 99 99.5 100 99 99.5 99.5 99 99 100 100 30.5 31.5 39.5 52.5 56 57.5 70.5 81 83 
532 72.5 98.5 99 98.5 99 100 99.5 99.5 99 99.5 99.5 99.5 99 100 100 99 99.5 100 99 99 100 100 99.5 99.5 30 31 39 52 55.5 57 70 80.5 82.5 
533 72 100 98.5 98 100 99.5 99 99 100 99 99 99 100 99.5 99.5 100 99 99.5 100 100 99.5 99.5 99 99 29.5 30.5 38.5 51.5 55 56.5 69.5 80 82 
534 71.5 99.5 100 100 99.5 99 100 100 99.5 100 100 100 99.5 99 99 99.5 100 99 99.5 99.5 99 99 100 100 29 30 38 51 54.5 56 69 79.5 81.5 
535 71 99 99.5 99.5 99 100 99.5 99.5 99 99.5 99.5 99.5 99 100 100 99 99.5 100 99 99 100 100 99.5 99.5 28.5 29.5 37.5 50.5 54 55.5 68.5 79 81 
536 70.5 98.5 99 99 100 99.5 99 99 100 99 99 99 100 99.5 99.5 100 99 99.5 100 100 99.5 99.5 99 99 28 29 37 50 53.5 55 68 78.5 80.5 
537 70 100 98.5 98.5 99.5 99 100 100 99.5 100 100 100 99.5 99 99 99.5 100 99 99.5 99.5 99 99 100 100 27.5 28.5 36.5 49.5 53 54.5 67.5 78 80 
538 69.5 99.5 100 98 99 100 99.5 99.5 99 99.5 99.5 99.5 99 100 100 99 99.5 100 99 99 100 100 99.5 99.5 27 28 36 49 52.5 54 67 77.5 79.5 
539 69 99 99.5 100 100 99.5 99 99 100 99 99 99 100 99.5 99.5 100 99 99.5 100 100 99.5 99.5 99 99 26.5 27.5 35.5 48.5 52 53.5 66.5 77 79 
540 68.5 98.5 99 99.5 99.5 99 100 100 99.5 100 100 100 99.5 99 99 99.5 100 99 99.5 99.5 99 99 100 100 26 27 35 48 51.5 53 66 76.5 78.5 
541 68 100 98.5 99 99 100 99.5 99.5 99 99.5 99.5 99.5 99 100 100 99 99.5 100 99 99 100 100 99.5 99.5 25.5 26.5 34.5 47.5 51 52.5 65.5 76 78 
542 67.5 99.5 100 98.5 100 99.5 99 99 100 99 99 99 100 99.5 99.5 100 99 99.5 100 100 99.5 99.5 99 99 25 26 34 47 50.5 52 65 75.5 77.5 
543 67 99 99.5 98 99.5 99 100 100 99.5 100 100 100 99.5 99 99 99.5 100 99 99.5 99.5 99 99 100 100 24.5 25.5 33.5 46.5 50 51.5 64.5 75 77 
544 66.5 98.5 99 100 99 100 99.5 99.5 99 99.5 99.5 99.5 99 100 100 99 99.5 100 99 99 100 100 99.5 99.5 24 25 33 46 49.5 51 64 74.5 76.5 
545 66 100 98.5 99.5 98.5 99.5 99 99 100 99 99 99 100 99.5 99.5 100 99 99.5 100 100 99.5 99.5 99 99 23.5 24.5 32.5 45.5 49 50.5 63.5 74 76 
546 65.5 99.5 100 99 100 99 100 100 99.5 100 100 100 99.5 99 99 99.5 100 99 99.5 99.5 99 99 100 100 23 24 32 45 48.5 50 63 73.5 75.5 
547 65 99 99.5 98.5 99.5 100 99.5 99.5 99 99.5 99.5 99.5 99 100 100 99 99.5 100 99 99 100 100 99.5 99.5 22.5 23.5 31.5 44.5 48 49.5 62.5 73 75 
548 64.5 98.5 99 98 99 99.5 99 99 100 99 99 99 100 99.5 99.5 100 99 99.5 100 100 99.5 99.5 99 99 22 23 31 44 47.5 49 62 72.5 74.5 
549 64 100 98.5 100 98.5 99 100 100 99.5 100 100 100 99.5 99 99 99.5 100 99 99.5 99.5 99 99 100 100 21.5 22.5 30.5 43.5 47 48.5 61.5 72 74 
550 63.5 99.5 100 99.5 100 98.5 99.5 99.5 99 99.5 99.5 99.5 99 100 100 99 99.5 100 99 99 100 100 99.5 99.5 21 22 30 43 46.5 48 61 71.5 73.5 
551 63 99 99.5 99 99.5 100 99 99 100 99 99 99 100 99.5 99.5 100 99 99.5 100 100 99.5 99.5 99 99 20.5 21.5 29.5 42.5 46 47.5 60.5 71 73 
552 62.5 98.5 99 98.5 99 99.5 100 100 99.5 100 100 100 99.5 99 99 99.5 100 99 99.5 99.5 99 99 100 100 20 21 29 42 45.5 47 60 70.5 72.5 
553 62 100 98.5 98 98.5 99 99.5 99.5 99 99.5 99.5 99.5 99 100 100 99 99.5 100 99 99 100 100 99.5 99.5 19.5 20.5 28.5 41.5 45 46.5 59.5 70 72 
554 61.5 99.5 100 100 100 98.5 99 99 100 99 99 99 100 99.5 99.5 100 99 99.5 100 100 99.5 99.5 99 99 19 20 28 41 44.5 46 59 69.5 71.5 
555 61 99 99.5 99.5 99.5 98 98.5 100 99.5 100 100 100 99.5 99 99 99.5 100 99 99.5 99.5 99 99 100 100 18.5 19.5 27.5 40.5 44 45.5 58.5 69 71 
556 60.5 98.5 99 99 99 100 100 99.5 99 99.5 99.5 99.5 99 100 100 99 99.5 100 99 99 100 100 99.5 99.5 18 19 27 40 43.5 45 58 68.5 70.5 
557 60 100 98.5 98.5 98.5 99.5 99.5 99 100 99 99 99 100 99.5 99.5 100 99 99.5 100 100 99.5 99.5 99 99 17.5 18.5 26.5 39.5 43 44.5 57.5 68 70 
558 59.5 99.5 100 98 100 99 99 100 99.5 100 100 100 99.5 99 99 99.5 100 99 99.5 99.5 99 99 100 100 17 18 26 39 42.5 44 57 67.5 69.5 
559 59 99 99.5 100 99.5 98.5 98.5 99.5 99 99.5 99.5 99.5 99 100 100 99 99.5 100 99 99 100 100 99.5 99.5 16.5 17.5 25.5 38.5 42 43.5 56.5 67 69 
