0 1
1 1
2 1
3 1
4 1
5 1
6 1
7 1
8 1
9 1
10 1
11 1
12 1
13 1
14 1
15 1
16 1
17 1
18 1
19 1
20 1
21 1
22 1
23 1
24 1
25 1
26 1
27 1
28 1
29 1
30 1
31 1
32 1
33 1
34 1
35 1
36 1
37 1
38 1
39 1
40 1
41 1
42 1
43 1
44 1
45 1
46 1
47 1
48 1
49 1
50 1
51 1
52 1
53 1
54 1
55 1
56 1
57 1
58 1
59 1
60 1
61 1
62 1
63 1
64 1
65 1
66 1
67 1
68 1
69 1
70 1
71 1
72 1
73 1
74 1
75 1
76 1
77 1
78 1
79 1
80 1
81 1
82 1
83 1
84 1
85 1
86 1
87 1
88 1
89 1
90 1
91 1
92 1
93 1
94 1
95 1
96 1
97 1
98 1
99 1
100 1
101 1
102 1
103 1
104 1
105 1
106 1
107 1
108 1
109 1
110 1
111 1
112 1
113 1
114 1
115 1
116 1
117 1
118 1
119 1
120 1
121 1
122 1
123 1
124 1
125 1
126 1
127 1
128 1
129 1
130 1
131 1
132 1
133 1
134 1
135 1
136 1
137 1
138 1
139 1
140 1
141 1
142 1
143 1
144 1
145 1
146 1
147 1
148 1
149 1
150 1
151 1
152 1
153 1
154 1
155 1
156 1
157 1
158 1
159 1
160 1
161 1
162 1
163 1
164 1
165 1
166 1
167 1
168 1
169 1
170 1
171 1
172 1
173 1
174 1
175 1
176 1
177 1
178 1
179 1
180 1
181 1
182 1
183 1
184 1
185 1
186 1
187 1
188 1
189 1
190 1
191 1
192 1
193 1
194 1
195 1
196 1
197 1
198 1
199 1
200 1
201 1
202 1
203 1
204 1
205 1
206 1
207 0.963303
208 0.963303
209 0.963303
210 0.963303
211 0.94592
212 0.944955
213 0.943954
214 0.943954
215 0.943954
216 0.943954
217 0.943954
218 0.943954
219 0.926606
220 0.909867
221 0.908258
222 0.908258
223 0.908258
224 0.908258
225 0.908258
226 0.891841
227 0.891841
228 0.891841
229 0.891841
230 0.891841
231 0.891841
232 0.891841
233 0.891841
234 0.891841
235 0.891841
236 0.891841
237 0.891841
238 0.891841
239 0.891841
240 0.891841
241 0.891841
242 0.891841
243 0.87599
244 0.87599
245 0.87599
246 0.87599
247 0.87599
248 0.87599
249 0.87599
250 0.87599
251 0.87599
252 0.87599
253 0.87599
254 0.871561
255 0.871561
256 0.869226
257 0.869226
258 0.850544
259 0.828748
260 0.825517
261 0.80972
262 0.80972
263 0.80972
264 0.80972
265 0.80613
266 0.80613
267 0.80613
268 0.802402
269 0.802402
270 0.802402
271 0.802402
272 0.802402
273 0.786743
274 0.786743
275 0.786743
276 0.786743
277 0.786743
278 0.786743
279 0.786743
280 0.786743
281 0.757134
282 0.757134
283 0.757134
284 0.757134
285 0.743122
286 0.743122
287 0.743122
288 0.733608
289 0.733608
290 0.733608
291 0.733608
292 0.733608
293 0.733608
294 0.71977
295 0.71977
296 0.71977
297 0.71977
298 0.71977
299 0.71977
300 0.71977
301 0.71977
302 0.71977
303 0.71977
304 0.71977
305 0.71977
306 0.71458
307 0.709195
308 0.703602
309 0.683843
310 0.677643
311 0.671196
312 0.671196
313 0.664486
314 0.664486
315 0.643517
316 0.643517
317 0.630096
318 0.614684
319 0.614684
320 0.614684
321 0.606486
322 0.597931
323 0.597931
324 0.597931
325 0.597931
326 0.597931
327 0.597931
328 0.597931
329 0.597931
330 0.597931
331 0.597931
332 0.584624
333 0.584624
334 0.584624
335 0.584624
336 0.575594
337 0.562762
338 0.553257
339 0.553257
340 0.553257
341 0.553257
342 0.553257
343 0.553257
344 0.553257
345 0.553257
346 0.553257
347 0.553257
348 0.553257
349 0.553257
350 0.5409
351 0.5409
352 0.5409
353 0.5409
354 0.5409
355 0.5409
356 0.520495
357 0.509598
358 0.509598
359 0.498193
360 0.498193
361 0.486245
362 0.473715
363 0.473715
364 0.473715
365 0.461781
366 0.461781
367 0.450402
368 0.423592
369 0.409182
370 0.409182
371 0.409182
372 0.409182
373 0.398531
374 0.398531
375 0.383494
376 0.383494
377 0.383494
378 0.351047
379 0.351047
380 0.351047
381 0.351047
382 0.351047
383 0.351047
384 0.351047
385 0.351047
386 0.351047
387 0.351047
388 0.351047
389 0.34134
390 0.34134
391 0.34134
392 0.34134
393 0.34134
394 0.34134
395 0.34134
396 0.34134
397 0.34134
398 0.34134
399 0.34134
400 0.34134
401 0.332119
402 0.332119
403 0.332119
404 0.332119
405 0.332119
406 0.332119
407 0.351047
408 0.351047
409 0.351047
410 0.351047
411 0.361278
412 0.361278
413 0.361278
414 0.361278
415 0.343535
416 0.343535
417 0.343535
418 0.343535
419 0.354137
420 0.365362
421 0.365362
422 0.365362
423 0.353088
424 0.341495
425 0.341495
426 0.352038
427 0.340475
428 0.321632
429 0.321632
430 0.321632
431 0.321632
432 0.321632
433 0.321632
434 0.321632
435 0.321632
436 0.321632
437 0.321632
438 0.321632
439 0.321632
440 0.321632
441 0.321632
442 0.310913
443 0.320582
444 0.320582
445 0.320582
446 0.320582
447 0.320582
448 0.320582
449 0.320582
450 0.320582
451 0.320582
452 0.309893
453 0.290176
454 0.290176
455 0.290176
456 0.290176
457 0.290176
458 0.299519
459 0.309429
460 0.309429
461 0.319959
462 0.319959
463 0.319959
464 0.319959
465 0.319959
466 0.319959
467 0.319959
468 0.319959
469 0.319959
470 0.319959
471 0.319959
472 0.319959
473 0.331167
474 0.331167
475 0.318811
476 0.318811
477 0.318811
478 0.307204
479 0.307204
480 0.307204
481 0.328798
482 0.328798
483 0.328798
484 0.328798
485 0.340675
486 0.340675
487 0.340675
488 0.340675
489 0.340675
490 0.340675
491 0.340675
492 0.340675
493 0.340675
494 0.353371
495 0.339451
496 0.339451
497 0.326429
498 0.326429
499 0.303976
500 0.303976
501 -0.0440358
502 -0.0440358
503 -0.0440358
504 -0.0440358
505 -0.0440358
506 -0.0440358
507 -0.0440358
508 -0.0440358
509 -0.0449056
510 -0.0449056
511 -0.0449056
512 -0.0449056
513 -0.0449056
514 -0.0449056
515 -0.045872
516 -0.045872
517 -0.0469521
518 -0.0469521
519 -0.0469521
520 -0.0469521
521 -0.0469521
522 -0.0469521
523 -0.0469521
524 -0.0469521
525 -0.0469521
526 -0.0469521
527 -0.0469521
528 -0.0469521
529 -0.0469521
530 -0.0469521
531 -0.0469521
532 -0.0481672
533 -0.0481672
534 -0.0481672
535 -0.0481672
536 -0.0481672
537 -0.0495444
538 -0.0495444
539 -0.0495444
540 -0.0495444
541 -0.0495444
542 -0.0495444
543 -0.0495444
544 -0.0495444
545 -0.0495444
546 -0.0495444
547 -0.0495444
548 -0.0495444
549 -0.0495444
550 -0.0511183
551 -0.0511183
552 -0.0511183
553 -0.0511183
554 -0.0511183
555 -0.0511183
556 -0.0511183
557 -0.0511183
558 -0.0511183
559 -0.0511183
560 -0.0511183
561 -0.0511183
562 -0.0511183
563 -0.0511183
564 -0.0511183
565 -0.0529343
566 -0.0529343
567 -0.055053
568 -0.055053
569 -0.055053
570 -0.055053
571 -0.055053
572 -0.055053
573 -0.0575569
574 -0.0575569
575 -0.0575569
576 -0.0575569
577 -0.0575569
578 -0.0575569
579 -0.0575569
580 -0.0575569
581 -0.0575569
582 -0.0575569
583 -0.0575569
584 -0.0575569
585 -0.0575569
586 -0.0575569
587 -0.0575569
588 -0.0575569
589 -0.0605616
590 -0.0605616
591 -0.0605616
592 -0.0605616
593 -0.0605616
594 -0.0605616
595 -0.0605616
596 -0.0605616
597 -0.0605616
598 -0.0605616
599 -0.0605616
600 -0.0605616
601 -0.064234
602 -0.064234
603 -0.064234
604 -0.064234
605 -0.064234
606 -0.064234
607 -0.064234
608 -0.064234
609 -0.064234
610 -0.064234
611 -0.064234
612 -0.064234
613 -0.064234
614 -0.064234
615 -0.064234
616 -0.064234
617 -0.064234
618 -0.064234
619 -0.064234
620 -0.064234
621 -0.064234
622 -0.064234
623 -0.064234
624 -0.064234
625 -0.064234
626 -0.064234
627 -0.064234
628 -0.064234
629 -0.064234
630 -0.064234
631 -0.064234
632 -0.064234
633 -0.064234
634 -0.064234
635 -0.064234
636 -0.064234
637 -0.064234
638 -0.064234
639 -0.064234
640 -0.064234
641 -0.064234
642 -0.064234
643 -0.064234
644 -0.064234
645 -0.064234
646 -0.064234
647 -0.064234
648 -0.064234
649 -0.064234
650 -0.064234
651 -0.064234
652 -0.064234
653 -0.064234
654 -0.064234
655 -0.064234
656 -0.064234
657 -0.064234
658 -0.064234
659 -0.064234
660 -0.064234
661 -0.064234
662 -0.064234
663 -0.064234
664 -0.064234
665 -0.064234
666 -0.064234
667 -0.064234
668 -0.064234
669 -0.064234
670 -0.064234
671 -0.064234
672 -0.064234
673 -0.064234
674 -0.064234
675 -0.064234
676 -0.064234
677 -0.064234
678 -0.064234
679 -0.064234
680 -0.064234
681 -0.064234
682 -0.064234
683 -0.064234
684 -0.064234
685 -0.064234
686 -0.064234
687 -0.064234
688 -0.064234
689 -0.064234
690 -0.064234
691 -0.064234
692 -0.064234
693 -0.064234
694 -0.064234
695 -0.064234
696 -0.064234
697 -nan
698 -nan
699 -nan
700 -nan
701 -nan
702 -nan
703 -nan
704 -nan
705 -nan
706 -nan
707 -nan
708 -nan
709 -nan
710 -nan
711 -nan
712 -nan
713 -nan
714 -nan
715 -nan
716 -nan
717 -nan
718 -nan
719 -nan
720 -nan
721 -nan
722 -nan
723 -nan
724 -nan
725 -nan
726 -nan
727 -nan
728 -nan
729 -nan
730 -nan
731 -nan
732 -nan
733 -nan
734 -nan
735 -nan
736 -nan
737 -nan
738 -nan
739 -nan
