0 30
1 30
2 30
3 30
4 30
5 30
6 30
7 30
8 30
9 30
10 30
11 30
12 30
13 30
14 30
15 30
16 30
17 30
18 30
19 30
20 30
21 30
22 30
23 30
24 30
25 30
26 30
27 30
28 30
29 30
30 30
31 30
32 30
33 30
34 30
35 30
36 30
37 30
38 30
39 30
40 30
41 30
42 30
43 30
44 30
45 30
46 30
47 30
48 30
49 30
50 30
51 30
52 32
53 33
54 33
55 34
56 34
57 34
58 35
59 36
60 38
61 38
62 40
63 40
64 40
65 40
66 40
67 40
68 40
69 40
70 41
71 41
72 41
73 41
74 41
75 41
76 42
77 42
78 42
79 42
80 42
81 42
82 42
83 42
84 42
85 42
86 43
87 43
88 43
89 43
90 43
91 43
92 43
93 43
94 43
95 43
96 43
97 43
98 43
99 43
100 39
101 39
102 39
103 39
104 39
105 39
106 40
107 40
108 41
109 42
110 42
111 43
112 43
113 44
114 44
115 44
116 45
117 45
118 45
119 45
120 46
121 46
122 46
123 46
124 46
125 46
126 46
127 46
128 47
129 47
130 47
131 48
132 48
133 49
134 49
135 49
136 49
137 50
138 51
139 51
140 51
141 51
142 51
143 51
144 51
145 51
146 51
147 51
148 51
149 51
150 51
151 51
152 51
153 51
154 51
155 51
156 51
157 52
158 52
159 52
160 46
161 46
162 46
163 46
164 46
165 47
166 48
167 48
168 48
169 48
170 49
171 49
172 49
173 49
174 50
175 50
176 50
177 50
178 50
179 50
180 50
181 50
182 51
183 52
184 53
185 53
186 53
187 53
188 54
189 55
190 55
191 55
192 55
193 55
194 55
195 55
196 55
197 55
198 55
199 55
200 55
201 55
202 55
203 55
204 55
205 55
206 55
207 55
208 56
209 56
210 56
211 56
212 56
213 56
214 56
215 56
216 56
217 56
218 56
219 56
220 56
221 57
222 57
223 57
224 57
225 57
226 58
227 58
228 58
229 58
230 58
231 59
232 59
233 59
234 59
235 59
236 59
237 60
238 60
239 61
240 63
241 63
242 63
243 64
244 64
245 64
246 64
247 64
248 64
249 64
250 64
251 64
252 62
253 61
254 61
255 60
256 60
257 60
258 59
259 58
260 56
261 56
262 54
263 54
264 54
265 54
266 54
267 54
268 54
269 54
270 53
271 53
272 53
273 52
274 52
275 52
276 51
277 52
278 52
279 52
280 52
281 52
282 51
283 51
284 51
285 51
286 50
287 51
288 51
289 51
290 51
291 52
292 53
293 53
294 53
295 53
296 54
297 54
298 54
299 54
300 54
301 54
302 54
303 54
304 54
305 54
306 53
307 53
308 52
309 52
310 52
311 51
312 51
313 50
314 50
315 50
316 49
317 49
318 49
319 49
320 48
321 47
322 47
323 48
324 48
325 48
326 48
327 48
328 47
329 47
330 45
331 45
332 45
333 43
334 43
335 43
336 43
337 42
338 41
339 41
340 41
341 41
342 41
343 43
344 43
345 43
346 43
347 43
348 44
349 44
350 44
351 44
352 44
353 44
354 45
355 45
356 45
357 44
358 44
359 44
360 44
361 44
362 44
363 44
364 44
365 43
366 42
367 42
368 42
369 42
370 41
371 41
372 41
373 41
374 41
375 41
376 41
377 40
378 40
379 40
380 40
381 40
382 39
383 38
384 37
385 37
386 37
387 37
388 37
389 37
390 37
391 37
392 37
393 38
394 38
395 39
396 39
397 39
398 39
399 39
400 38
401 38
402 38
403 38
404 38
405 38
406 38
407 37
408 37
409 37
410 37
411 38
412 38
413 38
414 38
415 38
416 38
417 38
418 38
419 38
420 38
421 38
422 38
423 38
424 38
425 38
426 38
427 38
428 38
429 38
430 38
431 38
432 38
433 38
434 38
435 38
436 38
437 39
438 39
439 39
440 39
441 39
442 38
443 38
444 39
445 39
446 39
447 40
448 39
449 38
450 38
451 38
452 38
453 38
454 38
455 38
456 38
457 38
458 38
459 38
460 38
461 38
462 38
463 38
464 38
465 38
466 38
467 38
468 38
469 38
470 38
471 38
472 38
473 39
474 39
475 39
476 39
477 39
478 39
479 39
480 38
481 38
482 38
483 38
484 38
485 38
486 38
487 38
488 38
489 38
490 38
491 38
492 38
493 36
494 37
495 37
496 37
497 37
498 38
499 38
500 38
501 33
502 33
503 33
504 33
505 33
506 33
507 33
508 33
509 33
510 33
511 33
512 33
513 33
514 33
515 33
516 33
517 33
518 33
519 33
520 33
521 33
522 33
523 33
524 33
525 33
526 33
527 33
528 33
529 33
530 33
531 33
532 33
533 33
534 33
535 33
536 33
537 33
538 33
539 33
540 33
541 33
542 33
543 33
544 33
545 33
546 33
547 33
548 33
549 33
550 33
551 33
552 33
553 33
554 33
555 33
556 33
557 33
558 33
559 33
