0 1
1 1
2 1
3 1
4 1
5 1
6 1
7 1
8 1
9 1
10 1
11 1
12 1
13 1
14 1
15 1
16 1
17 1
18 1
19 1
20 1
21 1
22 1
23 1
24 1
25 1
26 1
27 1
28 1
29 1
30 1
31 1
32 1
33 1
34 1
35 1
36 1
37 1
38 1
39 1
40 1
41 1
42 1
43 1
44 1
45 1
46 1
47 1
48 1
49 1
50 1
51 0.969173
52 0.969173
53 0.940272
54 0.940272
55 0.940272
56 0.887571
57 0.887571
58 0.863479
59 0.819202
60 0.819202
61 0.798812
62 0.798812
63 0.798812
64 0.798812
65 0.779467
66 0.779467
67 0.761089
68 0.761089
69 0.761089
70 0.761089
71 0.761089
72 0.761089
73 0.761089
74 0.761089
75 0.761089
76 0.761089
77 0.761089
78 0.761089
79 0.761089
80 0.761089
81 0.743608
82 0.743608
83 0.743608
84 0.743608
85 0.743608
86 0.743608
87 0.743608
88 0.743608
89 0.743608
90 0.743608
91 0.743608
92 0.743608
93 0.743608
94 0.726959
95 0.726959
96 0.726959
97 0.726959
98 0.726959
99 0.726959
100 0.604561
101 0.604561
102 0.585887
103 0.585887
104 0.585887
105 0.585887
106 0.585887
107 0.550717
108 0.550717
109 0.550717
110 0.550717
111 0.535373
112 0.535373
113 0.535373
114 0.535373
115 0.520931
116 0.520931
117 0.520931
118 0.520931
119 0.520931
120 0.520931
121 0.520931
122 0.520931
123 0.520931
124 0.520931
125 0.520931
126 0.520931
127 0.520931
128 0.520931
129 0.520931
130 0.520931
131 0.520931
132 0.507315
133 0.493277
134 0.493277
135 0.493277
136 0.493277
137 0.493277
138 0.493277
139 0.493277
140 0.493277
141 0.493277
142 0.493277
143 0.493277
144 0.493277
145 0.493277
146 0.493277
147 0.493277
148 0.493277
149 0.493277
150 0.493277
151 0.493277
152 0.493277
153 0.493277
154 0.493277
155 0.493277
156 0.493277
157 0.493277
158 0.479998
159 0.467419
160 0.386725
161 0.386725
162 0.375408
163 0.375408
164 0.375408
165 0.375408
166 0.36595
167 0.36595
168 0.36595
169 0.36595
170 0.36595
171 0.36595
172 0.36595
173 0.36595
174 0.36595
175 0.36595
176 0.36595
177 0.36595
178 0.36595
179 0.36595
180 0.36595
181 0.36595
182 0.36595
183 0.36595
184 0.36595
185 0.36595
186 0.36595
187 0.36595
188 0.357016
189 0.357016
190 0.357016
191 0.357016
192 0.357016
193 0.357016
194 0.357016
195 0.357016
196 0.357016
197 0.357016
198 0.357016
199 0.357016
200 0.357016
201 0.357016
202 0.357016
203 0.374394
204 0.374394
205 0.374394
206 0.374394
207 0.374394
208 0.374394
209 0.374394
210 0.365709
211 0.365709
212 0.365709
213 0.365709
214 0.348566
215 0.330471
216 0.330471
217 0.330471
218 0.330471
219 0.330471
220 0.311341
221 0.303925
222 0.303925
223 0.303925
224 0.303925
225 0.322738
226 0.322738
227 0.322738
228 0.322738
229 0.322738
230 0.322738
231 0.322738
232 0.322738
233 0.322738
234 0.322738
235 0.322738
236 0.322738
237 0.322738
238 0.322738
239 0.322738
240 0.322738
241 0.322738
242 0.322738
243 0.322738
244 0.340561
245 0.340561
246 0.340561
247 0.340561
248 0.340561
249 0.340561
250 0.340561
251 0.340561
252 0.340561
253 0.330471
254 0.330471
255 0.330471
256 0.347301
257 0.347301
258 0.336371
259 0.355839
260 0.355839
261 0.355839
262 0.355839
263 0.355839
264 0.355839
265 0.36658
266 0.36658
267 0.378088
268 0.378088
269 0.378088
270 0.378088
271 0.378088
272 0.378088
273 0.378088
274 0.378088
275 0.378088
276 0.378088
277 0.378088
278 0.378088
279 0.378088
280 0.378088
281 0.390448
282 0.390448
283 0.390448
284 0.390448
285 0.390448
286 0.390448
287 0.390448
288 0.390448
289 0.390448
290 0.390448
291 0.390448
292 0.378088
293 0.378088
294 0.390448
295 0.390448
296 0.390448
297 0.390448
298 0.390448
299 0.390448
300 0.390448
301 0.378088
302 0.367004
303 0.367004
304 0.367004
305 0.367004
306 0.367004
307 0.395657
308 0.395657
309 0.395657
310 0.395657
311 0.410931
312 0.410931
313 0.410931
314 0.410931
315 0.427594
316 0.427594
317 0.427594
318 0.427594
319 0.427594
320 0.427594
321 0.400337
322 0.400337
323 0.400337
324 0.400337
325 0.400337
326 0.400337
327 0.400337
328 0.400337
329 0.400337
330 0.400337
331 0.400337
332 0.418136
333 0.440039
334 0.440039
335 0.440039
336 0.440039
337 0.440039
338 0.440039
339 0.440039
340 0.440039
341 0.440039
342 0.440039
343 0.440039
344 0.440039
345 0.440039
346 0.440039
347 0.440039
348 0.440039
349 0.440039
350 0.440039
351 0.440039
352 0.440039
353 0.440039
354 0.440039
355 0.420255
356 0.420255
357 0.420255
358 0.44227
359 0.466731
360 0.466731
361 0.494798
362 0.522178
363 0.49407
364 0.49407
365 0.49407
366 0.522178
367 0.522178
368 0.522178
369 0.522178
370 0.522178
371 0.522178
372 0.522178
373 0.522178
374 0.522178
375 0.522178
376 0.522178
377 0.522178
378 0.522178
379 0.522178
380 0.522178
381 0.522178
382 0.522178
383 0.490323
384 0.490323
385 0.490323
386 0.490323
387 0.490323
388 0.522178
389 0.522178
390 0.522178
391 0.522178
392 0.522178
393 0.522178
394 0.522178
395 0.522178
396 0.522178
397 0.522178
398 0.522178
399 0.522178
400 0.522178
401 0.522178
402 0.485422
403 0.442541
404 0.442541
405 0.442541
406 0.442541
407 0.442541
408 0.442541
409 0.391862
410 0.426613
411 0.426613
412 0.426613
413 0.426613
414 0.426613
415 0.426613
416 0.426613
417 0.426613
418 0.426613
419 0.426613
420 0.426613
421 0.469086
422 0.469086
423 0.469086
424 0.469086
425 0.469086
426 0.469086
427 0.469086
428 0.469086
429 0.469086
430 0.469086
431 0.469086
432 0.469086
433 0.469086
434 0.469086
435 0.469086
436 0.469086
437 0.469086
438 0.469086
439 0.469086
440 0.469086
441 0.469086
442 0.469086
443 0.469086
444 0.402722
445 0.402722
446 0.402722
447 0.402722
448 0.402722
449 0.402722
450 0.402722
451 0.453917
452 0.453917
453 0.453917
454 0.362903
455 0.362903
456 0.362903
457 0.362903
458 0.362903
459 0.362903
460 0.362903
461 0.426613
462 0.426613
463 0.426613
464 0.426613
465 0.426613
466 0.426613
467 0.426613
468 0.426613
469 0.426613
470 0.426613
471 0.426613
472 0.426613
473 0.426613
474 0.426613
475 0.426613
476 0.426613
477 0.426613
478 0.426613
479 0.426613
480 0.426613
481 0.426613
482 0.426613
483 0.426613
484 0.426613
485 0.426613
486 0.426613
487 0.426613
488 0.426613
489 0.426613
490 0.426613
491 0.426613
492 0.522178
493 0.522178
494 0.522178
495 0.522178
496 0.522178
497 0.522178
498 0.522178
499 0.522178
500 0.522178
501 0.681452
502 0.681452
503 0.681452
504 0.681452
505 0.681452
506 0.681452
507 0.681452
508 0.681452
509 0.681452
510 0.681452
511 0.681452
512 0.681452
513 0.681452
514 0.681452
515 0.681452
516 0.681452
517 0.681452
518 0.681452
519 0.681452
520 0.681452
521 0.681452
522 0.681452
523 0.681452
524 0.681452
525 0.681452
526 0.681452
527 0.681452
528 0.681452
529 0.681452
530 0.681452
531 0.681452
532 0.681452
533 0.681452
534 0.681452
535 0.681452
536 0.681452
537 0.681452
538 0.681452
539 0.681452
540 0.681452
541 0.681452
542 0.681452
543 0.681452
544 0.681452
545 0.681452
546 0.681452
547 0.681452
548 0.681452
549 0.681452
550 0.681452
551 0.681452
552 0.681452
553 0.681452
554 0.681452
555 1
556 1
557 1
558 1
559 1
560 1
561 1
562 1
563 -nan
564 -nan
565 -nan
566 -nan
567 -nan
568 -nan
569 -nan
570 -nan
571 -nan
572 -nan
573 -nan
574 -nan
575 -nan
576 -nan
577 -nan
578 -nan
579 -nan
580 -nan
581 -nan
582 -nan
583 -nan
584 -nan
585 -nan
586 -nan
587 -nan
588 -nan
589 -nan
590 -nan
591 -nan
592 -nan
593 -nan
594 -nan
595 -nan
596 -nan
597 -nan
598 -nan
599 -nan
600 -nan
601 -nan
602 -nan
603 -nan
604 -nan
605 -nan
606 -nan
607 -nan
608 -nan
609 -nan
610 -nan
611 -nan
612 -nan
613 -nan
614 -nan
615 -nan
616 -nan
617 -nan
618 -nan
619 -nan
620 -nan
621 -nan
622 -nan
623 -nan
624 -nan
625 -nan
626 -nan
627 -nan
628 -nan
629 -nan
630 -nan
631 -nan
632 -nan
633 -nan
634 -nan
635 -nan
636 -nan
637 -nan
638 -nan
639 -nan
640 -nan
641 -nan
642 -nan
643 -nan
644 -nan
645 -nan
646 -nan
647 -nan
648 -nan
649 -nan
650 -nan
651 -nan
652 -nan
653 -nan
654 -nan
655 -nan
656 -nan
657 -nan
658 -nan
659 -nan
660 -nan
661 -nan
662 -nan
663 -nan
664 -nan
665 -nan
666 -nan
667 -nan
668 -nan
669 -nan
670 -nan
671 -nan
672 -nan
673 -nan
674 -nan
675 -nan
676 -nan
677 -nan
678 -nan
679 -nan
680 -nan
681 -nan
682 -nan
683 -nan
684 -nan
685 -nan
686 -nan
687 -nan
688 -nan
689 -nan
690 -nan
691 -nan
692 -nan
693 -nan
694 -nan
695 -nan
696 -nan
697 -nan
698 -nan
699 -nan
700 -nan
701 -nan
702 -nan
703 -nan
704 -nan
705 -nan
706 -nan
707 -nan
708 -nan
709 -nan
710 -nan
711 -nan
712 -nan
713 -nan
714 -nan
715 -nan
